*Vertices  7
1 "182" box
2 "197" box
3 "179" box
4 "185" box
5 "247" box
6 "251" box
7 "252" box
*Edges
3 4 3222
3 6 5542
3 7 65
3 5 39190
3 2 43909
3 1 70409
1 6 18405
1 3 70409
1 4 4981
1 2 83589
1 5 70803
1 7 23
4 3 3222
4 5 1665
4 1 4981
4 6 1138
4 2 2167
4 7 1
2 6 17266
2 4 2167
2 3 43909
2 5 69828
2 1 83589
2 7 75
5 6 10828
5 7 14
5 1 70803
5 2 69828
5 3 39190
5 4 1665
6 5 10828
6 3 5542
6 1 18405
6 4 1138
6 2 17266
6 7 6
7 6 6
7 2 75
7 1 23
7 3 65
7 4 1
7 5 14
