*Vertices  6
1 "182" box
2 "197" box
3 "179" box
4 "185" box
5 "247" box
6 "251" box
*Edges
3 4 3222
3 2 38315
3 6 5346
3 1 70409
3 5 39190
1 4 4981
1 3 70409
1 2 68496
1 6 17659
1 5 70803
4 3 3222
4 1 4981
4 2 1844
4 6 1109
4 5 1665
2 3 38315
2 5 56092
2 1 68496
2 6 11641
2 4 1844
5 6 10318
5 1 70803
5 3 39190
5 4 1665
5 2 56092
6 4 1109
6 2 11641
6 3 5346
6 5 10318
6 1 17659
