*Vertices  9
1 "182" box
2 "197" box
3 "179" box
4 "185" box
5 "247" box
6 "251" box
7 "252" box
8 "253" box
9 "254" box
*Edges
3 7 1428
3 6 5542
3 5 39190
3 1 70409
3 4 3222
3 2 48099
3 8 960
1 3 70409
1 7 2383
1 4 4981
1 2 94982
1 5 70803
1 6 18405
1 8 2834
4 2 2568
4 7 96
4 5 1665
4 8 3
4 6 1138
4 3 3222
4 1 4981
2 9 24
2 8 4180
2 4 2568
2 7 2724
2 3 48099
2 6 23035
2 1 94982
2 5 78782
5 1 70803
5 3 39190
5 8 1437
5 2 78782
5 7 1449
5 6 10828
5 4 1665
6 7 951
6 3 5542
6 4 1138
6 8 1711
6 1 18405
6 2 23035
6 5 10828
7 3 1428
7 6 951
7 2 2724
7 8 73
7 1 2383
7 4 96
7 5 1449
8 6 1711
8 5 1437
8 7 73
8 2 4180
8 3 960
8 1 2834
8 4 3
9 2 24
