*Vertices  9
1 "182" box
2 "197" box
3 "179" box
4 "185" box
5 "247" box
6 "251" box
7 "252" box
8 "253" box
9 "254" box
*Edges
3 7 1417
3 6 5542
3 5 39190
3 1 70409
3 4 3222
3 2 48097
3 8 959
1 3 70409
1 7 2322
1 4 4981
1 2 94966
1 5 70803
1 6 18405
1 8 2812
4 2 2568
4 7 95
4 5 1665
4 8 3
4 6 1138
4 3 3222
4 1 4981
2 9 24
2 8 3072
2 4 2568
2 7 2708
2 3 48097
2 6 23026
2 1 94966
2 5 78768
5 1 70803
5 3 39190
5 8 1429
5 2 78768
5 7 1445
5 6 10828
5 4 1665
6 7 946
6 3 5542
6 4 1138
6 8 1695
6 1 18405
6 2 23026
6 5 10828
7 3 1417
7 6 946
7 2 2708
7 8 73
7 1 2322
7 4 95
7 5 1445
8 6 1695
8 5 1429
8 7 73
8 2 3072
8 3 959
8 1 2812
8 4 3
9 2 24
