*Vertices  6
1 "182" box
2 "197" box
3 "179" box
4 "185" box
5 "247" box
6 "251" box
*Edges
3 4 3222
3 2 33080
3 6 2258
3 1 70409
3 5 38712
1 4 4981
1 3 70409
1 2 55900
1 6 7645
1 5 69553
4 3 3222
4 1 4981
4 2 1482
4 6 583
4 5 1663
2 3 33080
2 5 44449
2 1 55900
2 6 3881
2 4 1482
5 6 4216
5 1 69553
5 3 38712
5 4 1663
5 2 44449
6 4 583
6 2 3881
6 3 2258
6 5 4216
6 1 7645
