*Vertices  9
1 "182" box
2 "197" box
3 "179" box
4 "185" box
5 "247" box
6 "251" box
7 "252" box
8 "253" box
9 "254" box
*Edges
3 7 1219
3 6 5542
3 5 39190
3 1 70409
3 4 3222
3 2 45937
3 8 757
1 3 70409
1 7 1886
1 4 4981
1 2 88684
1 5 70803
1 6 18405
1 8 2397
4 2 2296
4 7 92
4 5 1665
4 8 2
4 6 1138
4 3 3222
4 1 4981
2 9 22
2 8 1925
2 4 2296
2 7 2130
2 3 45937
2 6 20574
2 1 88684
2 5 74303
5 1 70803
5 3 39190
5 8 963
5 2 74303
5 7 1121
5 6 10828
5 4 1665
6 7 825
6 3 5542
6 4 1138
6 8 1276
6 1 18405
6 2 20574
6 5 10828
7 3 1219
7 6 825
7 2 2130
7 8 27
7 1 1886
7 4 92
7 5 1121
8 6 1276
8 5 963
8 7 27
8 2 1925
8 3 757
8 1 2397
8 4 2
9 2 22
