*Vertices  6
1 "182" box
2 "197" box
3 "179" box
4 "185" box
5 "247" box
6 "251" box
*Edges
3 4 3222
3 2 39077
3 6 5542
3 1 70409
3 5 39190
1 4 4981
1 3 70409
1 2 70011
1 6 18337
1 5 70803
4 3 3222
4 1 4981
4 2 1899
4 6 1135
4 5 1665
2 3 39077
2 5 57803
2 1 70011
2 6 12392
2 4 1899
5 6 10762
5 1 70803
5 3 39190
5 4 1665
5 2 57803
6 4 1135
6 2 12392
6 3 5542
6 5 10762
6 1 18337
