*Vertices  8
1 "182" box
2 "197" box
3 "179" box
4 "185" box
5 "247" box
6 "251" box
7 "252" box
8 "253" box
*Edges
3 6 5542
3 8 371
3 4 3222
3 1 70409
3 2 45390
3 7 795
3 5 39190
1 5 70803
1 4 4981
1 3 70409
1 2 87570
1 7 1279
1 6 18405
1 8 1178
4 3 3222
4 6 1138
4 1 4981
4 2 2264
4 7 39
4 5 1665
2 6 19844
2 8 663
2 7 1401
2 3 45390
2 4 2264
2 5 73369
2 1 87570
5 3 39190
5 2 73369
5 4 1665
5 6 10828
5 7 899
5 1 70803
5 8 475
6 8 188
6 1 18405
6 5 10828
6 3 5542
6 2 19844
6 7 582
6 4 1138
7 4 39
7 6 582
7 3 795
7 1 1279
7 5 899
7 2 1401
7 8 10
8 5 475
8 7 10
8 3 371
8 1 1178
8 6 188
8 2 663
