*Vertices  6
1 "182" box
2 "197" box
3 "179" box
4 "185" box
5 "247" box
6 "251" box
*Edges
3 4 3222
3 2 38483
3 6 5431
3 1 70409
3 5 39190
1 4 4981
1 3 70409
1 2 68851
1 6 17962
1 5 70803
4 3 3222
4 1 4981
4 2 1866
4 6 1130
4 5 1665
2 3 38483
2 5 56451
2 1 68851
2 6 11930
2 4 1866
5 6 10521
5 1 70803
5 3 39190
5 4 1665
5 2 56451
6 4 1130
6 2 11930
6 3 5431
6 5 10521
6 1 17962
