*Vertices  6
1 "182" box
2 "197" box
3 "179" box
4 "185" box
5 "247" box
6 "251" box
*Edges
3 4 3222
3 2 35401
3 6 2636
3 1 70409
3 5 39180
1 4 4981
1 3 70409
1 2 62546
1 6 9795
1 5 70766
4 3 3222
4 1 4981
4 2 1696
4 6 689
4 5 1664
2 3 35401
2 5 49759
2 1 62546
2 6 5966
2 4 1696
5 6 5493
5 1 70766
5 3 39180
5 4 1664
5 2 49759
6 4 689
6 2 5966
6 3 2636
6 5 5493
6 1 9795
