*Vertices  6
1 "182" box
2 "197" box
3 "179" box
4 "185" box
5 "247" box
6 "251" box
*Edges
3 4 3222
3 2 38304
3 6 5320
3 1 70409
3 5 39190
1 4 4981
1 3 70409
1 2 68275
1 6 17394
1 5 70803
4 3 3222
4 1 4981
4 2 1844
4 6 1109
4 5 1665
2 3 38304
2 5 55924
2 1 68275
2 6 11441
2 4 1844
5 6 10199
5 1 70803
5 3 39190
5 4 1665
5 2 55924
6 4 1109
6 2 11441
6 3 5320
6 5 10199
6 1 17394
