*Vertices  8
1 "182" box
2 "197" box
3 "179" box
4 "185" box
5 "247" box
6 "251" box
7 "252" box
8 "253" box
*Edges
3 7 250
3 5 39190
3 4 3222
3 6 5542
3 8 202
3 2 44903
3 1 70409
1 6 18405
1 3 70409
1 8 167
1 2 86095
1 7 374
1 4 4981
1 5 70803
4 1 4981
4 3 3222
4 7 5
4 5 1665
4 6 1138
4 2 2233
2 6 19208
2 4 2233
2 7 576
2 3 44903
2 1 86095
2 8 189
2 5 72234
5 2 72234
5 1 70803
5 3 39190
5 8 134
5 6 10828
5 7 452
5 4 1665
6 8 25
6 2 19208
6 3 5542
6 5 10828
6 4 1138
6 7 301
6 1 18405
7 4 5
7 2 576
7 5 452
7 3 250
7 1 374
7 6 301
8 2 189
8 1 167
8 5 134
8 3 202
8 6 25
