*Vertices  6
1 "182" box
2 "197" box
3 "179" box
4 "185" box
5 "247" box
6 "251" box
*Edges
3 4 3222
3 2 39200
3 6 5542
3 1 70409
3 5 39190
1 4 4981
1 3 70409
1 2 70474
1 6 18372
1 5 70803
4 3 3222
4 1 4981
4 2 1899
4 6 1136
4 5 1665
2 3 39200
2 5 58058
2 1 70474
2 6 12592
2 4 1899
5 6 10783
5 1 70803
5 3 39190
5 4 1665
5 2 58058
6 4 1136
6 2 12592
6 3 5542
6 5 10783
6 1 18372
