*Vertices  9
1 "182" box
2 "197" box
3 "179" box
4 "185" box
5 "247" box
6 "251" box
7 "252" box
8 "253" box
9 "254" box
*Edges
3 7 1090
3 6 5542
3 5 39190
3 1 70409
3 4 3222
3 2 45613
3 8 520
1 3 70409
1 7 1712
1 4 4981
1 2 88067
1 5 70803
1 6 18405
1 8 1705
4 2 2293
4 7 91
4 5 1665
4 8 2
4 6 1138
4 3 3222
4 1 4981
2 9 22
2 8 1214
2 4 2293
2 7 1831
2 3 45613
2 6 20229
2 1 88067
2 5 73850
5 1 70803
5 3 39190
5 8 671
5 2 73850
5 7 1072
5 6 10828
5 4 1665
6 7 745
6 3 5542
6 4 1138
6 8 549
6 1 18405
6 2 20229
6 5 10828
7 3 1090
7 6 745
7 2 1831
7 8 18
7 1 1712
7 4 91
7 5 1072
8 6 549
8 5 671
8 7 18
8 2 1214
8 3 520
8 1 1705
8 4 2
9 2 22
