*Vertices  8
1 "182" box
2 "197" box
3 "179" box
4 "185" box
5 "247" box
6 "251" box
7 "252" box
8 "253" box
*Edges
3 6 5542
3 8 258
3 4 3222
3 1 70409
3 2 45266
3 7 390
3 5 39190
1 5 70803
1 4 4981
1 3 70409
1 2 86861
1 7 751
1 6 18405
1 8 383
4 3 3222
4 6 1138
4 1 4981
4 2 2263
4 7 6
4 5 1665
2 6 19554
2 8 393
2 7 816
2 3 45266
2 4 2263
2 5 72935
2 1 86861
5 3 39190
5 2 72935
5 4 1665
5 6 10828
5 7 608
5 1 70803
5 8 357
6 8 147
6 1 18405
6 5 10828
6 3 5542
6 2 19554
6 7 387
6 4 1138
7 4 6
7 6 387
7 3 390
7 1 751
7 5 608
7 2 816
7 8 5
8 5 357
8 7 5
8 3 258
8 1 383
8 6 147
8 2 393
