*Vertices  6
1 "182" box
2 "197" box
3 "179" box
4 "185" box
5 "247" box
6 "251" box
*Edges
3 4 3222
3 2 33253
3 6 2268
3 1 70409
3 5 39091
1 4 4981
1 3 70409
1 2 56304
1 6 8015
1 5 70620
4 3 3222
4 1 4981
4 2 1484
4 6 585
4 5 1663
2 3 33253
2 5 45326
2 1 56304
2 6 4122
2 4 1484
5 6 4437
5 1 70620
5 3 39091
5 4 1663
5 2 45326
6 4 585
6 2 4122
6 3 2268
6 5 4437
6 1 8015
