*Vertices  6
1 "182" box
2 "197" box
3 "179" box
4 "185" box
5 "247" box
6 "251" box
*Edges
3 4 3222
3 2 27877
3 6 298
3 1 70216
3 5 24333
1 4 4958
1 3 70216
1 2 44589
1 6 1670
1 5 40563
4 3 3222
4 1 4958
4 2 1035
4 6 87
4 5 957
2 3 27877
2 5 20135
2 1 44589
2 6 593
2 4 1035
5 6 653
5 1 40563
5 3 24333
5 4 957
5 2 20135
6 4 87
6 2 593
6 3 298
6 5 653
6 1 1670
