*Vertices  6
1 "182" box
2 "197" box
3 "179" box
4 "185" box
5 "247" box
6 "251" box
*Edges
3 4 3222
3 2 37106
3 6 2932
3 1 70409
3 5 39190
1 4 4981
1 3 70409
1 2 65877
1 6 11313
1 5 70803
4 3 3222
4 1 4981
4 2 1791
4 6 741
4 5 1665
2 3 37106
2 5 53449
2 1 65877
2 6 7537
2 4 1791
5 6 6274
5 1 70803
5 3 39190
5 4 1665
5 2 53449
6 4 741
6 2 7537
6 3 2932
6 5 6274
6 1 11313
