*Vertices  6
1 "182" box
2 "197" box
3 "179" box
4 "185" box
5 "247" box
6 "251" box
*Edges
3 4 3222
3 2 33403
3 6 2278
3 1 70409
3 5 39160
1 4 4981
1 3 70409
1 2 56756
1 6 8198
1 5 70675
4 3 3222
4 1 4981
4 2 1484
4 6 589
4 5 1663
2 3 33403
2 5 45679
2 1 56756
2 6 4307
2 4 1484
5 6 4590
5 1 70675
5 3 39160
5 4 1663
5 2 45679
6 4 589
6 2 4307
6 3 2278
6 5 4590
6 1 8198
