*Vertices  6
1 "182" box
2 "197" box
3 "179" box
4 "185" box
5 "247" box
6 "251" box
*Edges
3 4 3222
3 2 35144
3 6 2636
3 1 70409
3 5 39180
1 4 4981
1 3 70409
1 2 61909
1 6 9795
1 5 70749
4 3 3222
4 1 4981
4 2 1660
4 6 689
4 5 1664
2 3 35144
2 5 49393
2 1 61909
2 6 5854
2 4 1660
5 6 5483
5 1 70749
5 3 39180
5 4 1664
5 2 49393
6 4 689
6 2 5854
6 3 2636
6 5 5483
6 1 9795
