*Vertices  9
1 "182" box
2 "197" box
3 "179" box
4 "185" box
5 "247" box
6 "251" box
7 "252" box
8 "253" box
9 "254" box
*Edges
3 7 1208
3 6 5542
3 5 39190
3 1 70409
3 4 3222
3 2 45748
3 8 523
1 3 70409
1 7 1777
1 4 4981
1 2 88274
1 5 70803
1 6 18405
1 8 1746
4 2 2293
4 7 92
4 5 1665
4 8 2
4 6 1138
4 3 3222
4 1 4981
2 9 22
2 8 1416
2 4 2293
2 7 2059
2 3 45748
2 6 20388
2 1 88274
2 5 74106
5 1 70803
5 3 39190
5 8 712
5 2 74106
5 7 1092
5 6 10828
5 4 1665
6 7 756
6 3 5542
6 4 1138
6 8 1035
6 1 18405
6 2 20388
6 5 10828
7 3 1208
7 6 756
7 2 2059
7 8 21
7 1 1777
7 4 92
7 5 1092
8 6 1035
8 5 712
8 7 21
8 2 1416
8 3 523
8 1 1746
8 4 2
9 2 22
