*Vertices  6
1 "182" box
2 "197" box
3 "179" box
4 "185" box
5 "247" box
6 "251" box
*Edges
3 4 3222
3 2 33736
3 6 2450
3 1 70409
3 5 39160
1 4 4981
1 3 70409
1 2 57745
1 6 9011
1 5 70681
4 3 3222
4 1 4981
4 2 1517
4 6 630
4 5 1663
2 3 33736
2 5 46717
2 1 57745
2 6 4836
2 4 1517
5 6 5028
5 1 70681
5 3 39160
5 4 1663
5 2 46717
6 4 630
6 2 4836
6 3 2450
6 5 5028
6 1 9011
