*Vertices  6
1 "182" box
2 "197" box
3 "179" box
4 "185" box
5 "247" box
6 "251" box
*Edges
3 4 3222
3 2 32271
3 6 2149
3 1 70409
3 5 35923
1 4 4981
1 3 70409
1 2 54215
1 6 7406
1 5 63186
4 3 3222
4 1 4981
4 2 1400
4 6 571
4 5 1580
2 3 32271
2 5 39698
2 1 54215
2 6 3635
2 4 1400
5 6 3820
5 1 63186
5 3 35923
5 4 1580
5 2 39698
6 4 571
6 2 3635
6 3 2149
6 5 3820
6 1 7406
