*Vertices  6
1 "182" box
2 "197" box
3 "179" box
4 "185" box
5 "247" box
6 "251" box
*Edges
3 4 3222
3 2 39001
3 6 5461
3 1 70409
3 5 39190
1 4 4981
1 3 70409
1 2 69749
1 6 18171
1 5 70803
4 3 3222
4 1 4981
4 2 1898
4 6 1130
4 5 1665
2 3 39001
2 5 57658
2 1 69749
2 6 12200
2 4 1898
5 6 10613
5 1 70803
5 3 39190
5 4 1665
5 2 57658
6 4 1130
6 2 12200
6 3 5461
6 5 10613
6 1 18171
