*Vertices  6
1 "182" box
2 "197" box
3 "179" box
4 "185" box
5 "247" box
6 "251" box
*Edges
3 4 3222
3 2 33631
3 6 2397
3 1 70409
3 5 39160
1 4 4981
1 3 70409
1 2 57392
1 6 8711
1 5 70681
4 3 3222
4 1 4981
4 2 1516
4 6 620
4 5 1663
2 3 33631
2 5 46376
2 1 57392
2 6 4634
2 4 1516
5 6 4842
5 1 70681
5 3 39160
5 4 1663
5 2 46376
6 4 620
6 2 4634
6 3 2397
6 5 4842
6 1 8711
