*Vertices  6
1 "182" box
2 "197" box
3 "179" box
4 "185" box
5 "247" box
6 "251" box
*Edges
3 4 3222
3 2 28672
3 6 422
3 1 70236
3 5 26804
1 4 4959
1 3 70236
1 2 45980
1 6 2521
1 5 45512
4 3 3222
4 1 4959
4 2 1074
4 6 118
4 5 1058
2 3 28672
2 5 23768
2 1 45980
2 6 1032
2 4 1074
5 6 941
5 1 45512
5 3 26804
5 4 1058
5 2 23768
6 4 118
6 2 1032
6 3 422
6 5 941
6 1 2521
