*Vertices  7
1 "182" box
2 "197" box
3 "179" box
4 "185" box
5 "247" box
6 "251" box
7 "252" box
*Edges
3 4 3222
3 6 5542
3 7 81
3 5 39190
3 2 44044
3 1 70409
1 6 18405
1 3 70409
1 4 4981
1 2 83942
1 5 70803
1 7 59
4 3 3222
4 5 1665
4 1 4981
4 6 1138
4 2 2179
4 7 2
2 6 17794
2 4 2179
2 3 44044
2 5 70094
2 1 83942
2 7 121
5 6 10828
5 7 20
5 1 70803
5 2 70094
5 3 39190
5 4 1665
6 5 10828
6 3 5542
6 1 18405
6 4 1138
6 2 17794
6 7 37
7 6 37
7 2 121
7 1 59
7 3 81
7 4 2
7 5 20
