*Vertices  6
1 "182" box
2 "197" box
3 "179" box
4 "185" box
5 "247" box
6 "251" box
*Edges
3 4 3222
3 2 42885
3 6 5542
3 1 70409
3 5 39190
1 4 4981
1 3 70409
1 2 80390
1 6 18405
1 5 70803
4 3 3222
4 1 4981
4 2 2134
4 6 1138
4 5 1665
2 3 42885
2 5 67225
2 1 80390
2 6 15899
2 4 2134
5 6 10828
5 1 70803
5 3 39190
5 4 1665
5 2 67225
6 4 1138
6 2 15899
6 3 5542
6 5 10828
6 1 18405
