*Vertices  6
1 "182" box
2 "197" box
3 "179" box
4 "185" box
5 "247" box
6 "251" box
*Edges
3 4 3222
3 2 31620
3 6 989
3 1 70236
3 5 32488
1 4 4959
1 3 70236
1 2 52454
1 6 4373
1 5 56464
4 3 3222
4 1 4959
4 2 1278
4 6 237
4 5 1402
2 3 31620
2 5 34053
2 1 52454
2 6 2333
2 4 1278
5 6 2126
5 1 56464
5 3 32488
5 4 1402
5 2 34053
6 4 237
6 2 2333
6 3 989
6 5 2126
6 1 4373
