*Vertices  9
1 "182" box
2 "197" box
3 "179" box
4 "185" box
5 "247" box
6 "251" box
7 "252" box
8 "253" box
9 "254" box
*Edges
3 7 1244
3 6 5542
3 5 39190
3 1 70409
3 4 3222
3 2 48055
3 8 797
1 3 70409
1 7 2063
1 4 4981
1 2 94792
1 5 70803
1 6 18405
1 8 2523
4 2 2568
4 7 94
4 5 1665
4 8 2
4 6 1138
4 3 3222
4 1 4981
2 9 24
2 8 2580
2 4 2568
2 7 2385
2 3 48055
2 6 23020
2 1 94792
2 5 78643
5 1 70803
5 3 39190
5 8 1118
5 2 78643
5 7 1129
5 6 10828
5 4 1665
6 7 838
6 3 5542
6 4 1138
6 8 1535
6 1 18405
6 2 23020
6 5 10828
7 3 1244
7 6 838
7 2 2385
7 8 31
7 1 2063
7 4 94
7 5 1129
8 6 1535
8 5 1118
8 7 31
8 2 2580
8 3 797
8 1 2523
8 4 2
9 2 24
