*Vertices  6
1 "182" box
2 "197" box
3 "179" box
4 "185" box
5 "247" box
6 "251" box
*Edges
3 4 3222
3 2 38125
3 6 5114
3 1 70409
3 5 39190
1 4 4981
1 3 70409
1 2 67753
1 6 16839
1 5 70803
4 3 3222
4 1 4981
4 2 1836
4 6 1051
4 5 1665
2 3 38125
2 5 55813
2 1 67753
2 6 11135
2 4 1836
5 6 9994
5 1 70803
5 3 39190
5 4 1665
5 2 55813
6 4 1051
6 2 11135
6 3 5114
6 5 9994
6 1 16839
