*Vertices  8
1 "182" box
2 "197" box
3 "179" box
4 "185" box
5 "247" box
6 "251" box
7 "252" box
8 "253" box
*Edges
3 6 5542
3 8 256
3 4 3222
3 1 70409
3 2 44955
3 7 366
3 5 39190
1 5 70803
1 4 4981
1 3 70409
1 2 86323
1 7 604
1 6 18405
1 8 333
4 3 3222
4 6 1138
4 1 4981
4 2 2252
4 7 6
4 5 1665
2 6 19301
2 8 344
2 7 697
2 3 44955
2 4 2252
2 5 72312
2 1 86323
5 3 39190
5 2 72312
5 4 1665
5 6 10828
5 7 541
5 1 70803
5 8 343
6 8 86
6 1 18405
6 5 10828
6 3 5542
6 2 19301
6 7 353
6 4 1138
7 4 6
7 6 353
7 3 366
7 1 604
7 5 541
7 2 697
7 8 3
8 5 343
8 7 3
8 3 256
8 1 333
8 6 86
8 2 344
