*Vertices  9
1 "182" box
2 "197" box
3 "179" box
4 "185" box
5 "247" box
6 "251" box
7 "252" box
8 "253" box
9 "254" box
*Edges
3 2 45552
3 7 985
3 6 5542
3 4 3222
3 1 70409
3 8 472
3 5 39190
1 3 70409
1 5 70803
1 6 18405
1 2 87851
1 4 4981
1 8 1262
1 7 1495
4 5 1665
4 1 4981
4 2 2293
4 3 3222
4 6 1138
4 7 62
2 9 22
2 6 19979
2 5 73594
2 7 1638
2 4 2293
2 1 87851
2 8 782
2 3 45552
5 3 39190
5 6 10828
5 4 1665
5 2 73594
5 7 983
5 1 70803
5 8 517
6 3 5542
6 4 1138
6 1 18405
6 8 296
6 2 19979
6 5 10828
6 7 632
7 5 983
7 8 11
7 3 985
7 4 62
7 6 632
7 2 1638
7 1 1495
8 7 11
8 3 472
8 5 517
8 2 782
8 1 1262
8 6 296
9 2 22
