*Vertices  8
1 "182" box
2 "197" box
3 "179" box
4 "185" box
5 "247" box
6 "251" box
7 "252" box
8 "253" box
*Edges
3 6 5542
3 8 287
3 4 3222
3 1 70409
3 2 45325
3 7 542
3 5 39190
1 5 70803
1 4 4981
1 3 70409
1 2 87197
1 7 962
1 6 18405
1 8 741
4 3 3222
4 6 1138
4 1 4981
4 2 2263
4 7 35
4 5 1665
2 6 19709
2 8 478
2 7 957
2 3 45325
2 4 2263
2 5 73074
2 1 87197
5 3 39190
5 2 73074
5 4 1665
5 6 10828
5 7 781
5 1 70803
5 8 409
6 8 160
6 1 18405
6 5 10828
6 3 5542
6 2 19709
6 7 474
6 4 1138
7 4 35
7 6 474
7 3 542
7 1 962
7 5 781
7 2 957
7 8 5
8 5 409
8 7 5
8 3 287
8 1 741
8 6 160
8 2 478
