*Vertices  6
1 "182" box
2 "197" box
3 "179" box
4 "185" box
5 "247" box
6 "251" box
*Edges
3 4 3222
3 2 32849
3 6 2180
3 1 70409
3 5 36216
1 4 4981
1 3 70409
1 2 55513
1 6 7498
1 5 64267
4 3 3222
4 1 4981
4 2 1472
4 6 573
4 5 1622
2 3 32849
2 5 40695
2 1 55513
2 6 3794
2 4 1472
5 6 4058
5 1 64267
5 3 36216
5 4 1622
5 2 40695
6 4 573
6 2 3794
6 3 2180
6 5 4058
6 1 7498
