*Vertices  8
1 "182" box
2 "197" box
3 "179" box
4 "185" box
5 "247" box
6 "251" box
7 "252" box
8 "253" box
*Edges
3 6 5542
3 8 307
3 4 3222
3 1 70409
3 2 45362
3 7 641
3 5 39190
1 5 70803
1 4 4981
1 3 70409
1 2 87378
1 7 1041
1 6 18405
1 8 991
4 3 3222
4 6 1138
4 1 4981
4 2 2264
4 7 36
4 5 1665
2 6 19733
2 8 612
2 7 1136
2 3 45362
2 4 2264
2 5 73246
2 1 87378
5 3 39190
5 2 73246
5 4 1665
5 6 10828
5 7 825
5 1 70803
5 8 439
6 8 187
6 1 18405
6 5 10828
6 3 5542
6 2 19733
6 7 511
6 4 1138
7 4 36
7 6 511
7 3 641
7 1 1041
7 5 825
7 2 1136
7 8 5
8 5 439
8 7 5
8 3 307
8 1 991
8 6 187
8 2 612
