*Vertices  6
1 "182" box
2 "197" box
3 "179" box
4 "185" box
5 "247" box
6 "251" box
*Edges
3 4 3222
3 2 37772
3 6 5000
3 1 70409
3 5 39190
1 4 4981
1 3 70409
1 2 67104
1 6 16527
1 5 70803
4 3 3222
4 1 4981
4 2 1814
4 6 1019
4 5 1665
2 3 37772
2 5 55257
2 1 67104
2 6 10831
2 4 1814
5 6 9756
5 1 70803
5 3 39190
5 4 1665
5 2 55257
6 4 1019
6 2 10831
6 3 5000
6 5 9756
6 1 16527
