*Vertices  6
1 "182" box
2 "197" box
3 "179" box
4 "185" box
5 "247" box
6 "251" box
*Edges
3 4 3222
3 2 39408
3 6 5542
3 1 70409
3 5 39190
1 4 4981
1 3 70409
1 2 71209
1 6 18372
1 5 70803
4 3 3222
4 1 4981
4 2 1914
4 6 1136
4 5 1665
2 3 39408
2 5 58649
2 1 71209
2 6 12964
2 4 1914
5 6 10783
5 1 70803
5 3 39190
5 4 1665
5 2 58649
6 4 1136
6 2 12964
6 3 5542
6 5 10783
6 1 18372
