*Vertices  6
1 "182" box
2 "197" box
3 "179" box
4 "185" box
5 "247" box
6 "251" box
*Edges
3 4 3222
3 2 43188
3 6 5542
3 1 70409
3 5 39190
1 4 4981
1 3 70409
1 2 81361
1 6 18405
1 5 70803
4 3 3222
4 1 4981
4 2 2140
4 6 1138
4 5 1665
2 3 43188
2 5 67738
2 1 81361
2 6 16331
2 4 2140
5 6 10828
5 1 70803
5 3 39190
5 4 1665
5 2 67738
6 4 1138
6 2 16331
6 3 5542
6 5 10828
6 1 18405
