*Vertices  6
1 "182" box
2 "197" box
3 "179" box
4 "185" box
5 "247" box
6 "251" box
*Edges
3 4 3222
3 2 37612
3 6 4646
3 1 70409
3 5 39190
1 4 4981
1 3 70409
1 2 66905
1 6 15569
1 5 70803
4 3 3222
4 1 4981
4 2 1803
4 6 926
4 5 1665
2 3 37612
2 5 55174
2 1 66905
2 6 10281
2 4 1803
5 6 9388
5 1 70803
5 3 39190
5 4 1665
5 2 55174
6 4 926
6 2 10281
6 3 4646
6 5 9388
6 1 15569
