*Vertices  6
1 "182" box
2 "197" box
3 "179" box
4 "185" box
5 "247" box
6 "251" box
*Edges
3 4 3222
3 2 41599
3 6 5542
3 1 70409
3 5 39190
1 4 4981
1 3 70409
1 2 77398
1 6 18379
1 5 70803
4 3 3222
4 1 4981
4 2 1975
4 6 1136
4 5 1665
2 3 41599
2 5 65364
2 1 77398
2 6 14287
2 4 1975
5 6 10783
5 1 70803
5 3 39190
5 4 1665
5 2 65364
6 4 1136
6 2 14287
6 3 5542
6 5 10783
6 1 18379
