*Vertices  6
1 "182" box
2 "197" box
3 "179" box
4 "185" box
5 "247" box
6 "251" box
*Edges
3 4 3222
3 2 34545
3 6 2462
3 1 70409
3 5 39160
1 4 4981
1 3 70409
1 2 60065
1 6 9164
1 5 70681
4 3 3222
4 1 4981
4 2 1600
4 6 631
4 5 1663
2 3 34545
2 5 48355
2 1 60065
2 6 5241
2 4 1600
5 6 5148
5 1 70681
5 3 39160
5 4 1663
5 2 48355
6 4 631
6 2 5241
6 3 2462
6 5 5148
6 1 9164
