*Vertices  6
1 "182" box
2 "197" box
3 "179" box
4 "185" box
5 "247" box
6 "251" box
*Edges
3 4 3222
3 2 27202
3 6 26
3 1 69885
3 5 20202
1 4 4958
1 3 69885
1 2 43121
1 6 286
1 5 32769
4 3 3222
4 1 4958
4 2 941
4 6 3
4 5 729
2 3 27202
2 5 15646
2 1 43121
2 6 78
2 4 941
5 6 161
5 1 32769
5 3 20202
5 4 729
5 2 15646
6 4 3
6 2 78
6 3 26
6 5 161
6 1 286
