*Vertices  6
1 "182" box
2 "197" box
3 "179" box
4 "185" box
5 "247" box
6 "251" box
*Edges
3 4 3222
3 2 37589
3 6 4538
3 1 70409
3 5 39190
1 4 4981
1 3 70409
1 2 66876
1 6 14817
1 5 70803
4 3 3222
4 1 4981
4 2 1803
4 6 895
4 5 1665
2 3 37589
2 5 55163
2 1 66876
2 6 9796
2 4 1803
5 6 9023
5 1 70803
5 3 39190
5 4 1665
5 2 55163
6 4 895
6 2 9796
6 3 4538
6 5 9023
6 1 14817
