*Vertices  10
1 "177" box
2 "189" box
3 "234" box
4 "193" box
5 "411" box
6 "693" box
7 "443" box
8 "1439" box
9 "1445" box
10 "1448" box
*Edges
1 5 11
1 4 318
1 8 748
1 3 22
1 2 1974
1 10 9
1 9 2840
1 6 42
2 1 1974
2 10 408
2 9 9871
2 6 1038
2 8 3375
4 1 318
4 3 11232
3 1 22
3 4 11232
5 1 11
5 8 5
6 8 46
6 1 42
6 2 1038
6 9 103
6 10 404
8 5 5
8 6 46
8 10 29
8 1 748
8 9 14413
8 2 3375
9 10 73
9 1 2840
9 2 9871
9 6 103
9 8 14413
10 1 9
10 2 408
10 6 404
10 9 73
10 8 29
