*Vertices  10
1 "177" box
2 "750" box
3 "754" box
4 "1448" box
5 "665" box
6 "1439" box
7 "1449" box
8 "2342" box
9 "189" box
10 "249" box
*Edges
1 3 11
1 4 786
1 2 284
1 8 34
1 9 202
1 7 2552
1 6 125
9 5 42
9 1 202
9 3 582
9 7 10749
9 6 235
9 8 9516
9 4 2595
9 10 353
9 2 6935
10 5 10
10 9 353
10 3 53
10 8 85
10 2 231
5 2 11
5 9 42
5 8 3
5 3 1
5 10 10
2 3 521
2 4 2309
2 1 284
2 9 6935
2 5 11
2 8 3075
2 10 231
2 6 176
2 7 9511
3 4 414
3 8 83
3 7 887
3 10 53
3 1 11
3 2 521
3 6 3
3 9 582
3 5 1
6 9 235
6 4 1457
6 2 176
6 8 153
6 3 3
6 7 2592
6 1 125
4 9 2595
4 1 786
4 7 31109
4 8 491
4 3 414
4 2 2309
4 6 1457
7 2 9511
7 1 2552
7 4 31109
7 3 887
7 8 1331
7 9 10749
7 6 2592
8 3 83
8 5 3
8 1 34
8 9 9516
8 10 85
8 6 153
8 2 3075
8 4 491
8 7 1331
