*Vertices  32
1 "177" box
2 "179" box
3 "182" box
4 "185" box
5 "189" box
6 "193" box
7 "197" box
8 "319" box
9 "249" box
10 "659" box
11 "245" box
12 "663" box
13 "665" box
14 "247" box
15 "668" box
16 "411" box
17 "670" box
18 "724" box
19 "693" box
20 "738" box
21 "443" box
22 "1448" box
23 "1449" box
24 "1644" box
25 "1645" box
26 "413" box
27 "1439" box
28 "1702" box
29 "756" box
30 "234" box
31 "1445" box
32 "1456" box
*Edges
1 9 1778
1 19 1121
1 4 1674
1 2 734
1 16 305
1 10 291
1 17 386
1 24 265
1 13 108
1 6 538
1 30 57
1 27 128
1 29 4
1 7 1132
1 25 222
1 18 19
1 15 4
1 21 346
1 14 768
1 23 664
1 5 1991
1 8 108
1 26 183
1 22 876
1 20 55
1 12 640
1 31 156
1 3 1240
1 11 74
2 22 32
2 15 1
2 10 49
2 18 1
2 9 3272
2 7 4506
2 17 219
2 13 61
2 4 3207
2 23 372
2 1 734
2 14 2648
2 30 184
2 5 1979
2 16 179
2 19 775
2 6 601
2 8 637
2 27 137
2 12 231
2 3 5551
2 11 219
3 6 670
3 1 1240
3 4 4348
3 14 3529
3 12 60
3 10 88
3 8 1042
3 7 6242
3 5 2748
3 16 322
3 2 5551
3 23 671
3 27 51
3 11 337
3 19 1399
3 17 388
3 13 90
3 30 273
3 15 197
3 9 4834
3 22 58
4 10 111
4 8 178
4 30 270
4 13 163
4 3 4348
4 16 370
4 7 4408
4 27 21
4 6 2296
4 24 1864
4 22 54
4 15 1
4 14 2772
4 12 1442
4 19 1324
4 20 337
4 5 3426
4 18 26
4 1 1674
4 21 2086
4 17 396
4 26 1281
4 9 3481
4 2 3207
4 11 293
4 23 644
4 25 1554
5 18 131
5 21 5
5 12 22975
5 29 1
5 3 2748
5 9 4197
5 22 7475
5 14 1889
5 6 386
5 11 190
5 19 24818
5 8 66
5 27 122
5 2 1979
5 13 1296
5 20 6
5 4 3426
5 31 1558
5 16 391
5 10 134
5 1 1991
5 28 165
5 17 648
5 23 11904
5 30 52
5 7 2834
6 1 538
6 7 436
6 20 7
6 22 15
6 9 733
6 19 246
6 18 23
6 5 386
6 30 1304
6 23 147
6 16 269
6 2 601
6 17 127
6 27 105
6 4 2296
6 12 397
6 3 670
6 8 86
6 14 257
6 10 56
6 21 3
6 11 12
6 13 25
7 2 4506
7 3 6242
7 23 728
7 15 35
7 16 346
7 27 16
7 19 1522
7 11 361
7 17 395
7 8 453
7 1 1132
7 5 2834
7 13 90
7 12 60
7 10 94
7 6 436
7 30 86
7 9 4078
7 4 4408
7 14 3496
7 22 64
30 23 97
30 4 270
30 8 63
30 20 3
30 27 68
30 29 8
30 22 46
30 5 52
30 12 1
30 14 60
30 1 57
30 19 41
30 7 86
30 15 6
30 2 184
30 17 5
30 18 149
30 9 609
30 11 2
30 3 273
30 16 285
30 21 1
30 10 181
30 6 1304
30 13 60
11 23 46
11 16 22
11 7 361
11 14 226
11 6 12
11 22 4
11 12 4
11 1 74
11 9 223
11 5 190
11 4 293
11 19 96
11 30 2
11 8 6
11 3 337
11 17 26
11 13 6
11 2 219
11 10 6
14 11 226
14 7 3496
14 10 67
14 2 2648
14 4 2772
14 19 1090
14 17 278
14 13 63
14 8 220
14 9 2731
14 1 768
14 16 247
14 3 3529
14 23 521
14 15 5
14 5 1889
14 22 46
14 12 42
14 30 60
14 27 26
14 6 257
9 12 1144
9 5 4197
9 8 752
9 17 707
9 3 4834
9 16 1486
9 18 158
9 4 3481
9 1 1778
9 22 157
9 7 4078
9 19 2742
9 21 17
9 2 3272
9 6 733
9 13 352
9 27 134
9 15 31
9 29 59
9 11 223
9 10 703
9 20 59
9 30 609
9 14 2731
9 23 1634
8 9 752
8 11 6
8 4 178
8 10 6
8 19 123
8 22 6
8 16 24
8 7 453
8 15 116
8 14 220
8 2 637
8 1 108
8 6 86
8 23 57
8 27 10
8 30 63
8 17 6
8 3 1042
8 5 66
16 11 22
16 19 349
16 5 391
16 14 247
16 17 14772
16 7 346
16 3 322
16 1 305
16 20 24
16 4 370
16 30 285
16 21 27
16 18 155
16 2 179
16 13 76
16 9 1486
16 8 24
16 22 73
16 23 311
16 10 450
16 6 269
16 29 18
16 27 141
16 12 19
26 1 183
26 21 6501
26 25 4514
26 20 1081
26 24 5410
26 4 1281
21 6 3
21 12 1
21 20 1860
21 17 1
21 5 5
21 18 4
21 1 346
21 9 17
21 30 1
21 24 8763
21 25 7347
21 27 9
21 10 9
21 4 2086
21 16 27
21 23 1
21 26 6501
10 12 24
10 29 524
10 18 168
10 21 9
10 1 291
10 16 450
10 2 49
10 3 88
10 22 80
10 7 94
10 13 14
10 14 67
10 11 6
10 5 134
10 8 6
10 6 56
10 23 145
10 19 89
10 17 23
10 4 111
10 30 181
10 27 125
10 20 10
10 9 703
12 7 60
12 18 199
12 29 4
12 23 13
12 27 3
12 6 397
12 10 24
12 30 1
12 16 19
12 1 640
12 13 1976
12 11 4
12 19 14
12 20 3
12 2 231
12 17 23
12 9 1144
12 14 42
12 21 1
12 5 22975
12 3 60
12 4 1442
13 6 25
13 9 352
13 4 163
13 5 1296
13 16 76
13 17 34
13 10 14
13 30 60
13 18 14
13 23 34
13 1 108
13 11 6
13 12 1976
13 19 21
13 3 90
13 20 1
13 27 9
13 14 63
13 22 1
13 2 61
13 7 90
15 9 31
15 8 116
15 14 5
15 4 1
15 2 1
15 27 6
15 3 197
15 30 6
15 7 35
15 1 4
17 12 23
17 7 395
17 8 6
17 5 648
17 30 5
17 6 127
17 16 14772
17 22 5
17 1 386
17 9 707
17 21 1
17 19 203
17 23 111
17 4 396
17 14 278
17 10 23
17 27 7
17 20 3
17 13 34
17 2 219
17 11 26
17 3 388
19 31 1131
19 23 11192
19 16 349
19 7 1522
19 27 57
19 28 208
19 9 2742
19 8 123
19 3 1399
19 2 775
19 5 24818
19 22 5998
19 12 14
19 17 203
19 13 21
19 6 246
19 11 96
19 30 41
19 14 1090
19 1 1121
19 10 89
19 4 1324
18 21 4
18 9 158
18 13 14
18 29 7
18 4 26
18 16 155
18 22 28
18 2 1
18 12 199
18 23 56
18 5 131
18 10 168
18 1 19
18 27 48
18 6 23
18 30 149
20 6 7
20 17 3
20 12 3
20 4 337
20 1 55
20 5 6
20 22 1
20 21 1860
20 13 1
20 27 7
20 26 1081
20 10 10
20 9 59
20 30 3
20 16 24
20 24 1418
20 25 1192
20 23 12
29 5 1
29 12 4
29 16 18
29 22 6
29 27 5
29 10 524
29 18 7
29 23 2
29 9 59
29 30 8
29 1 4
27 19 57
27 13 9
27 22 59
27 6 105
27 15 6
27 4 21
27 21 9
27 7 16
27 9 134
27 16 141
27 1 128
27 5 122
27 3 51
27 12 3
27 28 2
27 29 5
27 14 26
27 2 137
27 20 7
27 18 48
27 30 68
27 8 10
27 17 7
27 10 125
27 23 68
31 5 1558
31 1 156
31 23 1053
31 19 1131
31 22 7956
22 2 32
22 17 5
22 9 157
22 13 1
22 31 7956
22 11 4
22 5 7475
22 7 64
22 8 6
22 18 28
22 10 80
22 19 5998
22 6 15
22 20 1
22 16 73
22 1 876
22 30 46
22 3 58
22 4 54
22 23 9347
22 27 59
22 14 46
22 29 6
23 5 11904
23 14 521
23 20 12
23 18 56
23 21 1
23 8 57
23 31 1053
23 10 145
23 17 111
23 13 34
23 30 97
23 7 728
23 27 68
23 9 1634
23 29 2
23 2 372
23 22 9347
23 6 147
23 11 46
23 28 92
23 12 13
23 3 671
23 19 11192
23 16 311
23 1 664
23 4 644
24 21 8763
24 25 6519
24 4 1864
24 1 265
24 26 5410
24 20 1418
25 26 4514
25 20 1192
25 21 7347
25 24 6519
25 4 1554
25 1 222
28 19 208
28 5 165
28 23 92
28 27 2
