*Vertices  12
1 "177" box
2 "189" box
3 "234" box
4 "193" box
5 "411" box
6 "670" box
7 "693" box
8 "443" box
9 "1439" box
10 "1445" box
11 "1448" box
12 "1449" box
*Edges
1 4 515
1 10 2840
1 7 338
1 6 18
1 5 17
1 9 748
1 3 28
1 12 95
1 2 2166
1 11 1013
2 12 822
2 6 4
2 9 3496
2 11 11841
2 7 5435
2 1 2166
2 10 10059
4 1 515
4 3 91654
3 4 91654
3 1 28
5 6 6
5 9 15
5 1 17
6 2 4
6 1 18
6 5 6
6 9 10
7 9 796
7 2 5435
7 12 303
7 1 338
7 10 3545
7 11 5275
9 2 3496
9 1 748
9 6 10
9 10 14413
9 5 15
9 7 796
9 12 488
9 11 3969
10 1 2840
10 2 10059
10 11 19967
10 12 2854
10 9 14413
10 7 3545
11 9 3969
11 12 1935
11 1 1013
11 10 19967
11 2 11841
11 7 5275
12 1 95
12 9 488
12 2 822
12 7 303
12 11 1935
12 10 2854
