*Vertices  19
1 "177" box
2 "189" box
3 "197" box
4 "234" box
5 "193" box
6 "663" box
7 "411" box
8 "670" box
9 "693" box
10 "249" box
11 "412" box
12 "443" box
13 "1439" box
14 "1445" box
15 "1448" box
16 "1449" box
17 "665" box
18 "1456" box
19 "610" box
*Edges
1 10 8
1 9 350
1 13 748
1 11 13
1 4 28
1 2 2985
1 14 2840
1 7 31
1 8 129
1 18 350
1 5 719
1 16 181
1 19 4
1 15 1100
1 17 124
2 13 5516
2 6 26
2 11 214
2 17 231
2 8 153
2 10 23
2 16 3624
2 9 7602
2 18 4881
2 1 2985
2 15 26010
2 7 34
2 14 19838
5 1 719
5 4 123119
5 4 16969
5 19 6563
4 19 2306
4 8 2
4 5 123119
4 1 28
4 4 7205
4 19 322
4 5 16969
4 4 7205
10 6 1
10 2 23
10 17 13
10 1 8
10 7 1
7 6 1
7 10 1
7 17 10
7 2 34
7 1 31
7 8 166
7 13 25
11 18 207
11 13 52
11 1 13
11 9 29
11 14 269
11 16 91
11 15 474
11 2 214
19 4 2306
19 1 4
19 4 322
19 5 6563
6 10 1
6 7 1
6 17 8
6 2 26
17 10 13
17 2 231
17 7 10
17 6 8
17 8 6
17 1 124
8 2 153
8 4 2
8 17 6
8 13 165
8 1 129
8 7 166
9 15 6431
9 16 824
9 13 829
9 2 7602
9 14 3788
9 1 350
9 11 29
9 18 926
13 2 5516
13 1 748
13 18 1301
13 16 907
13 7 25
13 11 52
13 15 4342
13 14 14413
13 9 829
13 8 165
14 13 14413
14 15 21447
14 18 5851
14 11 269
14 1 2840
14 2 19838
14 9 3788
14 16 5161
15 9 6431
15 1 1100
15 16 4929
15 2 26010
15 13 4342
15 14 21447
15 11 474
15 18 5030
16 11 91
16 14 5161
16 1 181
16 15 4929
16 9 824
16 2 3624
16 18 946
16 13 907
18 9 926
18 13 1301
18 2 4881
18 14 5851
18 16 946
18 15 5030
18 11 207
18 1 350
