*Vertices  11
1 "177" box
2 "189" box
3 "234" box
4 "193" box
5 "411" box
6 "693" box
7 "443" box
8 "1439" box
9 "1445" box
10 "1448" box
11 "1449" box
*Edges
1 11 79
1 3 28
1 4 446
1 8 748
1 9 2840
1 5 14
1 6 338
1 2 2078
1 10 319
2 10 4376
2 1 2078
2 8 3496
2 6 5428
2 9 10059
2 11 495
4 1 446
4 3 34811
3 1 28
3 4 34811
5 1 14
5 8 10
6 2 5428
6 1 338
6 9 3545
6 10 2175
6 11 213
6 8 796
8 9 14413
8 11 415
8 6 796
8 1 748
8 2 3496
8 5 10
8 10 1171
9 1 2840
9 8 14413
9 11 2495
9 6 3545
9 10 6203
9 2 10059
10 6 2175
10 1 319
10 9 6203
10 2 4376
10 8 1171
10 11 532
11 8 415
11 1 79
11 10 532
11 2 495
11 9 2495
11 6 213
