*Vertices  13
1 "177" box
2 "189" box
3 "234" box
4 "193" box
5 "663" box
6 "411" box
7 "670" box
8 "693" box
9 "443" box
10 "1439" box
11 "1445" box
12 "1448" box
13 "1449" box
*Edges
1 2 2180
1 6 17
1 11 2840
1 7 39
1 4 596
1 12 1072
1 8 338
1 3 28
1 13 95
1 10 748
2 1 2180
2 11 10073
2 13 828
2 12 13241
2 8 5461
2 10 3501
2 7 4
4 1 596
4 3 100078
4 3 9012
3 4 100078
3 4 9012
3 3 4726
3 1 28
3 3 4726
6 7 27
6 1 17
6 10 15
7 6 27
7 2 4
7 10 45
7 1 39
8 11 3545
8 2 5461
8 13 303
8 1 338
8 10 796
8 12 5741
10 8 796
10 1 748
10 6 15
10 7 45
10 2 3501
10 13 488
10 11 14413
10 12 4202
11 2 10073
11 12 21085
11 13 2854
11 8 3545
11 10 14413
11 1 2840
12 1 1072
12 10 4202
12 11 21085
12 2 13241
12 8 5741
12 13 2084
13 2 828
13 11 2854
13 10 488
13 12 2084
13 1 95
13 8 303
