*Vertices  8
1 "177" box
2 "197" box
3 "247" box
4 "411" box
5 "670" box
6 "443" box
7 "1439" box
8 "182" box
*Edges
1 4 619
1 5 27
1 6 17
1 7 75
8 3 381
8 2 128
8 4 175
2 8 128
2 3 18
2 4 7
3 4 31
3 2 18
3 8 381
4 8 175
4 3 31
4 2 7
4 6 46
4 1 619
4 5 2614
4 7 267
6 4 46
6 5 22
6 7 3
6 1 17
5 1 27
5 7 6
5 4 2614
5 6 22
7 1 75
7 6 3
7 5 6
7 4 267
