*Vertices  24
1 "177" box
2 "179" box
3 "182" box
4 "185" box
5 "189" box
6 "193" box
7 "197" box
8 "319" box
9 "249" box
10 "659" box
11 "663" box
12 "411" box
13 "670" box
14 "724" box
15 "693" box
16 "443" box
17 "1448" box
18 "1449" box
19 "1644" box
20 "413" box
21 "1439" box
22 "756" box
23 "234" box
24 "1445" box
*Edges
1 2 734
1 9 271
1 19 45
1 3 583
1 21 128
1 22 4
1 5 342
1 18 266
1 6 256
1 12 89
1 13 18
1 14 19
1 17 156
1 20 150
1 7 162
1 10 129
1 24 156
1 8 4
1 4 794
1 16 253
1 11 78
1 15 424
1 23 46
2 11 26
2 7 567
2 10 32
2 3 2283
2 23 27
2 14 1
2 21 137
2 18 194
2 8 178
2 1 734
2 15 99
2 5 225
2 4 1615
2 6 600
2 9 557
3 1 583
3 9 330
3 2 2283
3 18 180
3 21 32
3 7 394
3 4 848
3 23 48
3 15 90
3 6 166
3 8 108
3 10 30
3 5 210
4 9 274
4 8 31
4 14 21
4 3 848
4 5 144
4 23 128
4 20 450
4 1 794
4 15 72
4 21 18
4 11 78
4 7 280
4 18 131
4 2 1615
4 6 633
4 16 617
4 12 22
4 10 30
4 19 136
5 22 1
5 21 54
5 3 210
5 7 56
5 4 144
5 6 81
5 18 158
5 12 16
5 14 9
5 2 225
5 10 44
5 17 537
5 23 26
5 1 342
5 24 817
5 15 6133
5 9 177
6 8 17
6 23 568
6 5 81
6 11 52
6 13 18
6 7 24
6 12 75
6 3 166
6 21 93
6 15 18
6 14 16
6 4 633
6 16 2
6 10 31
6 9 130
6 18 82
6 1 256
6 2 600
7 4 280
7 23 4
7 5 56
7 10 8
7 9 85
7 1 162
7 3 394
7 2 567
7 15 24
7 6 24
7 18 48
23 12 135
23 2 27
23 14 149
23 8 7
23 15 3
23 10 113
23 16 1
23 6 568
23 5 26
23 1 46
23 7 4
23 4 128
23 3 48
23 9 75
23 21 63
23 22 8
23 18 35
9 14 36
9 6 130
9 3 330
9 10 53
9 12 156
9 1 271
9 23 75
9 5 177
9 21 31
9 7 85
9 15 57
9 16 17
9 2 557
9 18 173
9 4 274
9 8 16
9 11 104
8 3 108
8 6 17
8 23 7
8 2 178
8 9 16
8 21 8
8 4 31
8 1 4
12 6 75
12 1 89
12 10 227
12 4 22
12 18 40
12 23 135
12 21 96
12 9 156
12 5 16
12 13 828
12 14 139
12 22 18
12 17 1
12 16 22
20 16 3420
20 19 790
20 1 150
20 4 450
16 9 17
16 23 1
16 10 5
16 18 1
16 12 22
16 4 617
16 1 253
16 21 9
16 14 4
16 20 3420
16 6 2
16 19 1022
10 15 6
10 9 53
10 6 31
10 12 227
10 7 8
10 3 30
10 14 122
10 1 129
10 18 64
10 23 113
10 16 5
10 5 44
10 4 30
10 2 32
10 21 95
10 22 290
11 14 26
11 4 78
11 2 26
11 6 52
11 9 104
11 1 78
13 6 18
13 1 18
13 12 828
15 21 12
15 4 72
15 18 62
15 5 6133
15 10 6
15 1 424
15 3 90
15 24 1014
15 23 3
15 17 910
15 2 99
15 6 18
15 9 57
15 7 24
14 9 36
14 4 21
14 12 139
14 16 4
14 6 16
14 2 1
14 21 48
14 10 122
14 23 149
14 22 7
14 1 19
14 17 4
14 11 26
14 5 9
14 18 16
22 14 7
22 12 18
22 21 5
22 10 290
22 5 1
22 1 4
22 23 8
21 10 95
21 22 5
21 8 8
21 9 31
21 14 48
21 4 18
21 3 32
21 6 93
21 12 96
21 5 54
21 2 137
21 1 128
21 18 40
21 23 63
21 15 12
21 16 9
24 17 1365
24 15 1014
24 1 156
24 18 39
24 5 817
17 5 537
17 14 4
17 1 156
17 12 1
17 15 910
17 18 1921
17 24 1365
18 16 1
18 12 40
18 15 62
18 23 35
18 24 39
18 14 16
18 4 131
18 2 194
18 6 82
18 10 64
18 3 180
18 17 1921
18 5 158
18 9 173
18 7 48
18 1 266
18 21 40
19 20 790
19 4 136
19 16 1022
19 1 45
