*Vertices  29
1 "177" box
2 "179" box
3 "182" box
4 "185" box
5 "189" box
6 "193" box
7 "197" box
8 "319" box
9 "249" box
10 "659" box
11 "245" box
12 "663" box
13 "665" box
14 "668" box
15 "411" box
16 "670" box
17 "724" box
18 "693" box
19 "443" box
20 "1448" box
21 "1449" box
22 "1644" box
23 "1645" box
24 "413" box
25 "1439" box
26 "1702" box
27 "756" box
28 "234" box
29 "1445" box
*Edges
1 14 2
1 21 410
1 24 174
1 28 57
1 8 10
1 25 128
1 11 40
1 13 30
1 19 289
1 3 968
1 22 118
1 23 72
1 7 633
1 18 764
1 5 1516
1 27 4
1 29 156
1 17 19
1 2 734
1 12 345
1 16 102
1 20 656
1 4 1360
1 10 223
1 9 1634
1 15 201
1 6 418
2 10 49
2 3 3368
2 15 66
2 12 115
2 7 2101
2 25 137
2 28 184
2 20 32
2 6 600
2 18 420
2 11 135
2 16 33
2 9 3170
2 21 306
2 5 1597
2 8 178
2 17 1
2 1 734
2 13 10
2 4 2587
3 21 458
3 5 1802
3 28 114
3 4 2650
3 9 3188
3 16 49
3 7 2369
3 25 32
3 6 358
3 1 968
3 8 115
3 2 3368
3 20 48
3 11 165
3 15 98
3 14 28
3 10 73
3 18 628
4 12 805
4 25 21
4 28 219
4 3 2650
4 13 70
4 5 2237
4 23 480
4 2 2587
4 22 796
4 21 410
4 24 1160
4 15 122
4 16 46
4 8 31
4 9 2662
4 6 1522
4 10 86
4 1 1360
4 7 1957
4 18 562
4 20 42
4 17 26
4 19 1607
4 11 134
5 15 122
5 1 1516
5 21 515
5 7 1326
5 13 843
5 16 122
5 20 2763
5 29 934
5 26 165
5 9 3026
5 2 1597
5 27 1
5 6 273
5 3 1802
5 11 85
5 25 54
5 18 16102
5 12 9660
5 17 93
5 10 89
5 28 42
5 4 2237
6 10 43
6 28 1024
6 17 22
6 18 132
6 19 3
6 2 600
6 5 273
6 9 720
6 4 1522
6 11 6
6 1 418
6 13 20
6 7 121
6 8 32
6 12 230
6 3 358
6 16 80
6 25 101
6 15 160
6 21 130
6 20 15
7 10 53
7 2 2101
7 9 1942
7 14 1
7 4 1957
7 28 35
7 6 121
7 11 135
7 3 2369
7 16 35
7 15 70
7 21 340
7 1 633
7 8 42
7 18 464
7 25 2
7 20 36
7 5 1326
28 8 20
28 19 1
28 21 53
28 1 57
28 20 46
28 9 609
28 7 35
28 6 1024
28 18 22
28 25 68
28 15 166
28 27 8
28 11 1
28 14 2
28 17 149
28 5 42
28 2 184
28 13 33
28 3 114
28 10 137
28 16 1
28 4 219
11 3 165
11 6 6
11 7 135
11 16 2
11 4 134
11 28 1
11 1 40
11 18 26
11 15 4
11 2 135
11 10 3
11 21 19
11 20 2
11 5 85
11 9 106
9 1 1634
9 15 742
9 16 112
9 6 720
9 11 106
9 25 134
9 18 1460
9 5 3026
9 19 17
9 13 125
9 2 3170
9 14 25
9 28 609
9 27 59
9 21 1312
9 7 1942
9 10 551
9 3 3188
9 12 575
9 8 73
9 4 2662
9 17 158
9 20 157
8 7 42
8 9 73
8 1 10
8 6 32
8 4 31
8 28 20
8 2 178
8 3 115
8 14 34
8 25 10
15 16 6526
15 5 122
15 13 6
15 19 25
15 9 742
15 20 60
15 27 18
15 11 4
15 18 52
15 4 122
15 6 160
15 7 70
15 17 139
15 1 201
15 3 98
15 10 313
15 28 166
15 21 112
15 25 115
15 2 66
24 22 2304
24 1 174
24 23 1392
24 19 4892
24 4 1160
19 10 9
19 15 25
19 28 1
19 1 289
19 25 9
19 17 4
19 23 1920
19 21 1
19 6 3
19 24 4892
19 4 1607
19 22 3144
19 9 17
10 17 136
10 21 93
10 19 9
10 6 43
10 18 48
10 9 551
10 20 70
10 4 86
10 15 313
10 16 3
10 2 49
10 28 137
10 11 3
10 7 53
10 3 73
10 1 223
10 5 89
10 25 113
10 27 402
12 17 115
12 2 115
12 13 1150
12 5 9660
12 4 805
12 6 230
12 9 575
12 1 345
13 28 33
13 15 6
13 5 843
13 9 125
13 6 20
13 2 10
13 4 70
13 1 30
13 12 1150
13 17 10
14 25 2
14 1 2
14 7 1
14 9 25
14 8 34
14 3 28
14 28 2
16 10 3
16 11 2
16 7 35
16 5 122
16 4 46
16 18 39
16 1 102
16 9 112
16 3 49
16 15 6526
16 21 19
16 20 2
16 2 33
16 6 80
16 28 1
18 6 132
18 3 628
18 1 764
18 25 33
18 10 48
18 29 1131
18 9 1460
18 4 562
18 28 22
18 26 173
18 16 39
18 20 4365
18 7 464
18 15 52
18 5 16102
18 21 614
18 2 420
18 11 26
17 4 26
17 20 28
17 21 35
17 13 10
17 27 7
17 5 93
17 28 149
17 15 139
17 9 158
17 1 19
17 12 115
17 10 136
17 2 1
17 6 22
17 25 48
17 19 4
27 25 5
27 28 8
27 5 1
27 15 18
27 9 59
27 1 4
27 20 6
27 10 402
27 17 7
25 20 59
25 10 113
25 1 128
25 9 134
25 6 101
25 5 54
25 2 137
25 18 33
25 27 5
25 7 2
25 17 48
25 8 10
25 3 32
25 14 2
25 21 54
25 19 9
25 28 68
25 15 115
25 26 2
25 4 21
29 21 312
29 18 1131
29 5 934
29 20 5811
29 1 156
20 10 70
20 5 2763
20 21 4277
20 27 6
20 3 48
20 7 36
20 18 4365
20 6 15
20 4 42
20 29 5811
20 16 2
20 25 59
20 11 2
20 2 32
20 1 656
20 15 60
20 17 28
20 9 157
20 28 46
21 25 54
21 3 458
21 7 340
21 6 130
21 4 410
21 15 112
21 17 35
21 20 4277
21 10 93
21 2 306
21 9 1312
21 18 614
21 19 1
21 1 410
21 11 19
21 29 312
21 5 515
21 16 19
21 28 53
22 19 3144
22 1 118
22 24 2304
22 23 936
22 4 796
23 1 72
23 22 936
23 19 1920
23 4 480
23 24 1392
26 18 173
26 25 2
26 5 165
