*Vertices  9
1 "177" box
2 "750" box
3 "1448" box
4 "665" box
5 "1439" box
6 "1449" box
7 "2342" box
8 "189" box
9 "249" box
*Edges
1 3 786
1 6 2552
1 7 34
1 8 201
1 5 125
1 2 22
8 1 201
8 9 352
8 3 2591
8 6 10727
8 5 235
8 4 42
8 2 2004
8 7 9121
9 4 10
9 2 92
9 8 352
9 7 85
4 8 42
4 2 7
4 9 10
4 7 3
2 1 22
2 3 262
2 6 1118
2 5 27
2 9 92
2 4 7
2 8 2004
2 7 298
5 7 153
5 6 2592
5 2 27
5 3 1457
5 8 235
5 1 125
3 1 786
3 2 262
3 7 491
3 6 31109
3 5 1457
3 8 2591
6 3 31109
6 1 2552
6 5 2592
6 8 10727
6 2 1118
6 7 1331
7 4 3
7 6 1331
7 5 153
7 1 34
7 9 85
7 2 298
7 8 9121
7 3 491
