*Vertices  12
1 "177" box
2 "189" box
3 "234" box
4 "193" box
5 "411" box
6 "670" box
7 "693" box
8 "443" box
9 "1439" box
10 "1445" box
11 "1448" box
12 "1449" box
*Edges
1 4 512
1 10 2840
1 7 338
1 6 15
1 5 17
1 9 748
1 3 28
1 12 95
1 2 2166
1 11 994
2 12 822
2 6 4
2 9 3496
2 11 11267
2 7 5435
2 1 2166
2 10 10059
4 1 512
4 3 85336
3 4 85336
3 1 28
5 6 3
5 9 15
5 1 17
6 2 4
6 1 15
6 5 3
6 9 5
7 9 796
7 2 5435
7 12 303
7 1 338
7 10 3545
7 11 5109
9 2 3496
9 1 748
9 6 5
9 10 14413
9 5 15
9 7 796
9 12 488
9 11 3885
10 1 2840
10 2 10059
10 11 19661
10 12 2854
10 9 14413
10 7 3545
11 9 3885
11 12 1879
11 1 994
11 10 19661
11 2 11267
11 7 5109
12 1 95
12 9 488
12 2 822
12 7 303
12 11 1879
12 10 2854
