*Vertices  21
1 "177" box
2 "189" box
3 "197" box
4 "234" box
5 "193" box
6 "663" box
7 "430" box
8 "411" box
9 "670" box
10 "693" box
11 "249" box
12 "412" box
13 "443" box
14 "1439" box
15 "1445" box
16 "1448" box
17 "1449" box
18 "665" box
19 "1456" box
20 "610" box
21 "756" box
*Edges
1 9 129
1 12 13
1 20 29
1 7 30
1 19 350
1 11 8
1 10 350
1 15 2840
1 14 748
1 17 181
1 4 28
1 2 2985
1 18 124
1 5 719
1 8 441
1 16 1100
2 10 7602
2 9 153
2 16 26010
2 21 33
2 3 12
2 8 3076
2 18 231
2 15 19838
2 11 23
2 19 4881
2 6 26
2 7 209
2 17 3624
2 1 2985
2 12 234
2 14 5516
5 4 16969
5 20 18622
5 1 719
5 4 123119
3 11 1
3 2 12
4 5 16969
4 4 7205
4 4 7205
4 5 123119
4 20 835
4 9 2
4 1 28
4 20 5998
11 2 23
11 8 7
11 7 1
11 6 1
11 3 1
11 18 13
11 21 3
11 1 8
8 11 7
8 9 177
8 16 3809
8 2 3076
8 18 72
8 10 523
8 12 85
8 21 12
8 17 497
8 7 64
8 15 4222
8 1 441
8 19 764
8 14 1096
8 6 10
12 16 532
12 17 98
12 19 222
12 1 13
12 15 269
12 2 234
12 14 52
12 10 34
12 8 85
7 2 209
7 11 1
7 21 3
7 1 30
7 6 1
7 18 28
7 8 64
20 4 5998
20 5 18622
20 1 29
20 4 835
6 21 3
6 8 10
6 2 26
6 11 1
6 18 8
6 7 1
18 9 6
18 8 72
18 21 12
18 1 124
18 6 8
18 11 13
18 2 231
18 7 28
9 18 6
9 4 2
9 14 165
9 8 177
9 1 129
9 2 153
10 8 523
10 16 6431
10 12 34
10 2 7602
10 14 829
10 19 926
10 17 824
10 1 350
10 15 3788
21 7 3
21 18 12
21 8 12
21 2 33
21 11 3
21 6 3
14 9 165
14 12 52
14 1 748
14 8 1096
14 15 14413
14 16 4342
14 17 907
14 2 5516
14 19 1301
14 10 829
15 17 5161
15 19 5851
15 10 3788
15 8 4222
15 2 19838
15 12 269
15 16 21447
15 14 14413
15 1 2840
16 2 26010
16 15 21447
16 12 532
16 10 6431
16 8 3809
16 19 5030
16 1 1100
16 14 4342
16 17 4929
17 2 3624
17 1 181
17 14 907
17 8 497
17 19 946
17 16 4929
17 12 98
17 10 824
17 15 5161
19 16 5030
19 8 764
19 10 926
19 12 222
19 1 350
19 17 946
19 15 5851
19 2 4881
19 14 1301
