*Vertices  28
1 "177" box
2 "179" box
3 "182" box
4 "185" box
5 "189" box
6 "193" box
7 "197" box
8 "319" box
9 "249" box
10 "659" box
11 "663" box
12 "665" box
13 "668" box
14 "411" box
15 "670" box
16 "724" box
17 "693" box
18 "443" box
19 "1448" box
20 "1449" box
21 "1644" box
22 "1645" box
23 "413" box
24 "1439" box
25 "1702" box
26 "756" box
27 "234" box
28 "1445" box
*Edges
1 8 9
1 26 4
1 13 2
1 10 181
1 19 574
1 15 74
1 18 277
1 7 599
1 17 724
1 14 199
1 5 1462
1 24 128
1 11 294
1 9 1298
1 3 866
1 21 109
1 4 1243
1 20 377
1 27 57
1 22 12
1 6 381
1 12 18
1 28 156
1 2 734
1 23 171
1 16 19
2 9 2932
2 15 16
2 7 2017
2 20 258
2 14 66
2 16 1
2 4 2412
2 8 178
2 6 600
2 17 388
2 10 32
2 27 184
2 1 734
2 11 98
2 5 1570
2 3 3115
2 24 137
2 12 6
2 19 32
3 2 3115
3 5 1576
3 20 338
3 7 2019
3 24 32
3 10 42
3 1 866
3 19 42
3 6 328
3 9 2564
3 17 508
3 4 2177
3 15 21
3 8 115
3 14 86
3 13 28
3 27 111
4 17 472
4 27 197
4 14 114
4 9 2125
4 3 2177
4 10 57
4 11 588
4 15 19
4 5 1934
4 20 315
4 8 31
4 6 1232
4 7 1705
4 12 36
4 22 68
4 18 1299
4 2 2412
4 16 25
4 19 38
4 1 1243
4 23 969
4 24 21
4 21 625
5 1 1462
5 11 7252
5 26 1
5 4 1934
5 3 1576
5 15 88
5 25 165
5 20 462
5 2 1570
5 6 253
5 10 55
5 28 934
5 19 2403
5 12 447
5 24 54
5 14 120
5 17 15078
5 27 42
5 7 1242
5 9 2468
5 16 83
6 9 720
6 10 43
6 2 600
6 18 3
6 20 112
6 27 953
6 8 32
6 19 15
6 7 115
6 14 160
6 12 12
6 17 120
6 4 1232
6 24 101
6 5 253
6 1 381
6 11 196
6 16 22
6 3 328
6 15 76
7 4 1705
7 5 1242
7 19 34
7 3 2019
7 1 599
7 20 270
7 10 34
7 24 2
7 6 115
7 2 2017
7 9 1613
7 8 42
7 27 34
7 13 1
7 14 66
7 15 17
7 17 404
27 26 8
27 14 166
27 9 609
27 17 20
27 1 57
27 16 149
27 3 111
27 10 137
27 15 1
27 24 68
27 20 50
27 5 42
27 12 33
27 7 34
27 2 184
27 13 2
27 19 46
27 8 20
27 18 1
27 6 953
27 4 197
9 12 105
9 26 59
9 15 66
9 1 1298
9 8 73
9 19 157
9 24 134
9 14 714
9 10 505
9 27 609
9 7 1613
9 2 2932
9 17 1288
9 11 490
9 18 17
9 13 25
9 4 2125
9 20 1108
9 3 2564
9 6 720
9 5 2468
9 16 158
8 1 9
8 24 10
8 6 32
8 9 73
8 7 42
8 27 20
8 13 34
8 4 31
8 3 115
8 2 178
14 24 115
14 20 104
14 10 311
14 3 86
14 2 66
14 12 6
14 15 6172
14 19 59
14 18 25
14 7 66
14 5 120
14 17 48
14 1 199
14 6 160
14 27 166
14 16 139
14 26 18
14 4 114
14 9 714
23 4 969
23 21 2094
23 1 171
23 22 228
23 18 4584
18 9 17
18 24 9
18 16 4
18 1 277
18 21 2760
18 6 3
18 20 1
18 27 1
18 23 4584
18 14 25
18 4 1299
18 22 304
18 10 9
10 1 181
10 7 34
10 14 311
10 9 505
10 15 2
10 5 55
10 20 85
10 17 40
10 27 137
10 3 42
10 6 43
10 4 57
10 19 70
10 2 32
10 24 113
10 26 384
10 16 136
10 18 9
11 2 98
11 12 588
11 1 294
11 9 490
11 4 588
11 6 196
11 5 7252
11 16 98
12 16 6
12 1 18
12 11 588
12 5 447
12 27 33
12 9 105
12 6 12
12 2 6
12 14 6
12 4 36
13 24 2
13 3 28
13 8 34
13 27 2
13 1 2
13 7 1
13 9 25
15 1 74
15 20 14
15 7 17
15 2 16
15 10 2
15 4 19
15 14 6172
15 27 1
15 6 76
15 19 2
15 5 88
15 9 66
15 3 21
15 17 33
17 9 1288
17 10 40
17 20 520
17 7 404
17 25 173
17 24 33
17 2 388
17 14 48
17 28 1131
17 15 33
17 6 120
17 27 20
17 3 508
17 19 3781
17 5 15078
17 4 472
17 1 724
16 11 98
16 1 19
16 26 7
16 9 158
16 27 149
16 10 136
16 4 25
16 19 28
16 24 48
16 2 1
16 18 4
16 14 139
16 20 33
16 5 83
16 6 22
16 12 6
26 14 18
26 19 6
26 9 59
26 16 7
26 10 384
26 24 5
26 1 4
26 5 1
26 27 8
24 18 9
24 20 54
24 25 2
24 10 113
24 6 101
24 14 115
24 1 128
24 27 68
24 17 33
24 9 134
24 2 137
24 13 2
24 19 59
24 26 5
24 7 2
24 8 10
24 16 48
24 5 54
24 3 32
24 4 21
28 17 1131
28 1 156
28 5 934
28 20 312
28 19 5031
19 7 34
19 1 574
19 17 3781
19 24 59
19 26 6
19 15 2
19 14 59
19 9 157
19 20 3799
19 27 46
19 10 70
19 4 38
19 2 32
19 28 5031
19 16 28
19 3 42
19 6 15
19 5 2403
20 9 1108
20 14 104
20 18 1
20 4 315
20 15 14
20 27 50
20 10 85
20 28 312
20 19 3799
20 16 33
20 24 54
20 3 338
20 1 377
20 6 112
20 17 520
20 7 270
20 5 462
20 2 258
21 22 144
21 23 2094
21 1 109
21 18 2760
21 4 625
22 21 144
22 1 12
22 18 304
22 23 228
22 4 68
25 5 165
25 17 173
25 24 2
