*Vertices  33
1 "177" box
2 "179" box
3 "182" box
4 "185" box
5 "189" box
6 "193" box
7 "197" box
8 "251" box
9 "319" box
10 "249" box
11 "659" box
12 "245" box
13 "663" box
14 "665" box
15 "247" box
16 "668" box
17 "411" box
18 "670" box
19 "724" box
20 "693" box
21 "738" box
22 "443" box
23 "1448" box
24 "1449" box
25 "1644" box
26 "1645" box
27 "413" box
28 "1439" box
29 "1702" box
30 "756" box
31 "234" box
32 "1445" box
33 "1456" box
*Edges
1 13 727
1 15 840
1 11 311
1 12 74
1 10 1778
1 30 4
1 28 128
1 23 876
1 2 734
1 25 280
1 18 403
1 5 2037
1 6 552
1 19 19
1 14 145
1 27 183
1 20 1185
1 3 1286
1 33 16
1 16 6
1 7 1442
1 24 670
1 31 57
1 8 38
1 22 346
1 4 1703
1 21 124
1 17 355
1 9 133
1 26 222
1 32 156
2 3 5674
2 9 653
2 8 123
2 4 3214
2 28 137
2 19 1
2 31 184
2 18 219
2 10 3272
2 16 1
2 24 372
2 12 219
2 17 259
2 5 2035
2 14 79
2 6 601
2 11 49
2 13 256
2 7 5518
2 20 791
2 1 734
2 23 32
2 15 2855
3 28 54
3 16 198
3 15 3960
3 6 679
3 14 124
3 10 4969
3 18 401
3 24 694
3 11 91
3 2 5674
3 8 180
3 1 1286
3 5 2927
3 9 1127
3 31 274
3 23 60
3 20 1477
3 13 62
3 4 4508
3 7 7928
3 17 483
3 12 350
4 13 1617
4 28 21
4 20 1351
4 25 1969
4 1 1703
4 23 54
4 8 151
4 15 3041
4 19 26
4 26 1554
4 11 111
4 7 5668
4 9 205
4 5 3491
4 6 2484
4 14 202
4 24 644
4 18 396
4 31 285
4 2 3214
4 21 820
4 3 4508
4 22 2086
4 16 1
4 27 1281
4 12 293
4 17 533
4 10 3481
5 15 2129
5 13 25885
5 1 2037
5 18 659
5 2 2035
5 24 13154
5 10 4250
5 28 122
5 31 52
5 33 149
5 29 165
5 32 1675
5 20 27211
5 19 131
5 30 1
5 9 88
5 3 2927
5 8 108
5 22 5
5 12 195
5 6 386
5 7 3792
5 23 8143
5 4 3491
5 21 6
5 14 1461
5 17 511
5 11 135
6 31 1346
6 15 269
6 9 92
6 20 252
6 17 320
6 5 386
6 8 6
6 14 32
6 19 23
6 11 56
6 28 105
6 12 12
6 21 7
6 22 3
6 2 601
6 3 679
6 1 552
6 7 490
6 18 144
6 23 15
6 10 734
6 4 2484
6 13 457
6 24 147
7 16 35
7 6 490
7 15 4882
7 10 5032
7 28 16
7 23 82
7 2 5518
7 9 521
7 5 3792
7 31 95
7 18 501
7 3 7928
7 20 1988
7 1 1442
7 12 470
7 13 76
7 8 241
7 24 931
7 11 120
7 14 152
7 4 5668
7 17 647
31 5 52
31 15 62
31 19 149
31 11 181
31 6 1346
31 30 8
31 7 95
31 17 297
31 28 68
31 3 274
31 13 11
31 14 65
31 16 6
31 2 184
31 4 285
31 8 1
31 9 64
31 18 5
31 24 97
31 10 609
31 1 57
31 12 2
31 21 3
31 20 42
31 22 1
31 23 46
12 1 74
12 31 2
12 3 350
12 15 249
12 20 98
12 23 4
12 9 8
12 24 46
12 14 8
12 5 195
12 6 12
12 11 6
12 8 13
12 4 293
12 17 32
12 7 470
12 18 26
12 10 223
12 2 219
12 13 4
15 28 26
15 23 50
15 7 4882
15 17 394
15 8 126
15 1 840
15 18 304
15 13 46
15 6 269
15 20 1211
15 9 251
15 11 73
15 4 3041
15 31 62
15 16 5
15 12 249
15 2 2855
15 14 92
15 3 3960
15 5 2129
15 24 567
15 10 2955
10 28 134
10 11 703
10 6 734
10 4 3481
10 23 157
10 22 17
10 9 879
10 24 1634
10 3 4969
10 31 609
10 19 158
10 1 1778
10 2 3272
10 21 59
10 20 2800
10 15 2955
10 12 223
10 13 1313
10 7 5032
10 8 112
10 14 486
10 5 4250
10 30 59
10 16 31
10 18 707
10 17 1878
8 3 180
8 11 3
8 9 4
8 18 13
8 17 16
8 6 6
8 12 13
8 5 108
8 4 151
8 14 4
8 13 2
8 7 241
8 20 49
8 31 1
8 2 123
8 15 126
8 10 112
8 23 2
8 1 38
8 24 23
9 10 879
9 4 205
9 5 88
9 7 521
9 6 92
9 15 251
9 18 8
9 23 8
9 11 8
9 2 653
9 1 133
9 16 185
9 12 8
9 28 10
9 20 168
9 3 1127
9 17 52
9 31 64
9 24 76
9 8 4
17 11 471
17 20 567
17 2 259
17 4 533
17 18 18849
17 31 297
17 3 483
17 14 98
17 5 511
17 12 32
17 8 16
17 30 18
17 28 160
17 10 1878
17 19 160
17 22 27
17 6 320
17 15 394
17 23 89
17 1 355
17 13 43
17 7 647
17 24 429
17 9 52
17 21 28
27 26 4514
27 25 5715
27 21 2484
27 4 1281
27 1 183
27 22 6501
22 17 27
22 11 9
22 24 1
22 31 1
22 4 2086
22 1 346
22 10 17
22 25 9258
22 28 9
22 6 3
22 13 1
22 26 7347
22 27 6501
22 18 1
22 5 5
22 19 4
22 21 4138
11 4 111
11 14 22
11 6 56
11 19 168
11 22 9
11 9 8
11 18 23
11 12 6
11 1 311
11 3 91
11 5 135
11 21 10
11 7 120
11 23 80
11 13 32
11 8 3
11 2 49
11 24 145
11 10 703
11 31 181
11 17 471
11 30 544
11 28 125
11 20 91
11 15 73
13 14 2460
13 6 457
13 24 33
13 5 25885
13 8 2
13 7 76
13 23 2
13 28 13
13 20 14
13 21 5
13 10 1313
13 15 46
13 3 62
13 18 25
13 22 1
13 11 32
13 12 4
13 1 727
13 17 43
13 4 1617
13 2 256
13 30 4
13 31 11
13 19 224
14 13 2460
14 24 54
14 17 98
14 23 2
14 21 4
14 19 15
14 1 145
14 18 46
14 3 124
14 6 32
14 8 4
14 28 15
14 7 152
14 10 486
14 2 79
14 20 28
14 5 1461
14 4 202
14 15 92
14 12 8
14 11 22
14 31 65
16 1 6
16 15 5
16 28 6
16 2 1
16 9 185
16 7 35
16 3 198
16 10 31
16 4 1
16 31 6
18 8 13
18 28 7
18 21 3
18 22 1
18 23 5
18 20 205
18 7 501
18 4 396
18 11 23
18 13 25
18 10 707
18 6 144
18 14 46
18 17 18849
18 9 8
18 24 111
18 3 401
18 2 219
18 1 403
18 31 5
18 15 304
18 12 26
18 5 659
20 1 1185
20 4 1351
20 31 42
20 12 98
20 14 28
20 2 791
20 32 1131
20 13 14
20 6 252
20 10 2800
20 18 205
20 29 208
20 28 57
20 11 91
20 15 1211
20 8 49
20 23 6000
20 33 116
20 9 168
20 5 27211
20 17 567
20 7 1988
20 24 12081
20 3 1477
19 14 15
19 1 19
19 10 158
19 17 160
19 22 4
19 23 28
19 24 56
19 30 7
19 13 224
19 4 26
19 11 168
19 5 131
19 2 1
19 6 23
19 28 48
19 31 149
21 11 10
21 25 3644
21 28 7
21 18 3
21 24 12
21 31 3
21 27 2484
21 13 5
21 14 4
21 5 6
21 26 2895
21 6 7
21 4 820
21 10 59
21 1 124
21 22 4138
21 23 1
21 17 28
30 24 2
30 5 1
30 13 4
30 11 544
30 10 59
30 31 8
30 17 18
30 28 5
30 19 7
30 23 6
30 1 4
28 2 137
28 20 57
28 14 15
28 17 160
28 13 13
28 4 21
28 22 9
28 9 10
28 30 5
28 7 16
28 6 105
28 15 26
28 5 122
28 11 125
28 10 134
28 24 68
28 29 2
28 31 68
28 23 59
28 19 48
28 1 128
28 16 6
28 21 7
28 3 54
28 18 7
32 5 1675
32 24 1092
32 1 156
32 23 7956
32 33 156
32 20 1131
23 10 157
23 3 60
23 28 59
23 7 82
23 6 15
23 15 50
23 4 54
23 2 32
23 32 7956
23 13 2
23 20 6000
23 11 80
23 17 89
23 18 5
23 8 2
23 30 6
23 5 8143
23 1 876
23 19 28
23 24 9579
23 14 2
23 21 1
23 9 8
23 12 4
23 33 816
23 31 46
24 5 13154
24 14 54
24 20 12081
24 7 931
24 13 33
24 18 111
24 28 68
24 32 1092
24 15 567
24 33 112
24 9 76
24 21 12
24 2 372
24 4 644
24 29 92
24 23 9579
24 22 1
24 8 23
24 30 2
24 3 694
24 10 1634
24 11 145
24 6 147
24 31 97
24 17 429
24 19 56
24 1 670
24 12 46
33 20 116
33 5 149
33 23 816
33 1 16
33 24 112
33 32 156
25 21 3644
25 1 280
25 26 6889
25 4 1969
25 22 9258
25 27 5715
26 21 2895
26 1 222
26 27 4514
26 25 6889
26 22 7347
26 4 1554
29 28 2
29 24 92
29 5 165
29 20 208
