*Vertices  12
1 "177" box
2 "189" box
3 "234" box
4 "193" box
5 "411" box
6 "670" box
7 "693" box
8 "443" box
9 "1439" box
10 "1445" box
11 "1448" box
12 "1449" box
*Edges
1 12 95
1 7 338
1 2 2166
1 10 2840
1 4 504
1 3 28
1 11 961
1 5 17
1 9 748
1 6 3
2 12 822
2 1 2166
2 9 3496
2 11 10422
2 7 5435
2 10 10059
4 3 71022
4 1 504
3 1 28
3 4 71022
5 1 17
5 6 3
5 9 15
6 5 3
6 9 5
6 1 3
7 10 3545
7 9 796
7 11 4796
7 1 338
7 12 303
7 2 5435
9 5 15
9 11 3684
9 10 14413
9 12 488
9 1 748
9 2 3496
9 6 5
9 7 796
10 9 14413
10 11 18938
10 2 10059
10 7 3545
10 1 2840
10 12 2854
11 10 18938
11 1 961
11 2 10422
11 12 1812
11 9 3684
11 7 4796
12 11 1812
12 9 488
12 7 303
12 10 2854
12 1 95
12 2 822
