*Vertices  11
1 "177" box
2 "189" box
3 "234" box
4 "193" box
5 "411" box
6 "693" box
7 "443" box
8 "1439" box
9 "1445" box
10 "1448" box
11 "1449" box
*Edges
1 11 95
1 3 28
1 4 482
1 8 748
1 9 2840
1 5 17
1 6 338
1 2 2166
1 10 760
2 10 8039
2 1 2166
2 8 3496
2 6 5435
2 9 10059
2 11 803
4 1 482
4 3 61386
3 1 28
3 4 61386
5 1 17
5 8 15
6 2 5435
6 1 338
6 9 3545
6 10 3885
6 11 292
6 8 796
8 9 14413
8 11 488
8 6 796
8 1 748
8 2 3496
8 5 15
8 10 3004
9 1 2840
9 8 14413
9 11 2854
9 6 3545
9 10 16137
9 2 10059
10 6 3885
10 1 760
10 9 16137
10 2 8039
10 8 3004
10 11 1522
11 8 488
11 1 95
11 10 1522
11 2 803
11 9 2854
11 6 292
