*Vertices  9
1 "177" box
2 "182" box
3 "185" box
4 "179" box
5 "415" box
6 "430" box
7 "659" box
8 "756" box
9 "1972" box
*Edges
1 7 957
1 8 53
1 3 610
4 3 12
4 2 10
2 3 16
2 4 10
3 9 193
3 1 610
3 7 11103
3 5 3141
3 2 16
3 6 892
3 4 12
5 7 31
5 6 3600
5 3 3141
5 7 40859
5 5 8
5 9 1850
5 5 8
6 3 892
6 7 19427
6 5 3600
6 9 230
7 3 11103
7 1 957
7 5 31
7 5 40859
7 8 1857
7 9 2959
7 6 19427
8 1 53
8 7 1857
9 5 1850
9 6 230
9 3 193
9 7 2959
