*Vertices  8
1 "177" box
2 "1448" box
3 "665" box
4 "1439" box
5 "1449" box
6 "2342" box
7 "189" box
8 "249" box
*Edges
1 2 786
1 7 160
1 4 125
1 6 23
1 5 2552
7 8 195
7 1 160
7 3 22
7 4 201
7 6 3777
7 2 2222
7 5 8941
8 7 195
8 3 10
8 6 32
3 6 3
3 8 10
3 7 22
4 5 2592
4 6 132
4 2 1457
4 7 201
4 1 125
2 1 786
2 5 31109
2 6 323
2 4 1457
2 7 2222
5 4 2592
5 6 898
5 2 31109
5 1 2552
5 7 8941
6 3 3
6 7 3777
6 2 323
6 1 23
6 4 132
6 5 898
6 8 32
