*Vertices  10
1 "177" box
2 "750" box
3 "754" box
4 "1448" box
5 "665" box
6 "1439" box
7 "1449" box
8 "2342" box
9 "189" box
10 "249" box
*Edges
1 3 148
1 4 786
1 2 410
1 8 34
1 9 202
1 7 2552
1 6 125
9 5 42
9 1 202
9 3 5603
9 7 10769
9 6 235
9 8 9518
9 4 2600
9 10 353
9 2 8887
10 5 10
10 9 353
10 3 243
10 8 85
10 2 286
5 2 11
5 9 42
5 8 3
5 3 11
5 10 10
2 3 4930
2 4 3317
2 1 410
2 9 8887
2 5 11
2 8 4412
2 10 286
2 6 214
2 7 13027
3 4 2643
3 8 2411
3 7 7419
3 10 243
3 1 148
3 2 4930
3 6 82
3 9 5603
3 5 11
6 9 235
6 4 1457
6 2 214
6 8 153
6 3 82
6 7 2592
6 1 125
4 9 2600
4 1 786
4 7 31109
4 8 491
4 3 2643
4 2 3317
4 6 1457
7 2 13027
7 1 2552
7 4 31109
7 3 7419
7 8 1331
7 9 10769
7 6 2592
8 3 2411
8 5 3
8 1 34
8 9 9518
8 10 85
8 6 153
8 2 4412
8 4 491
8 7 1331
