*Vertices  42
1 "177" box
2 "179" box
3 "182" box
4 "185" box
5 "189" box
6 "193" box
7 "197" box
8 "251" box
9 "319" box
10 "249" box
11 "659" box
12 "245" box
13 "663" box
14 "665" box
15 "247" box
16 "430" box
17 "668" box
18 "411" box
19 "670" box
20 "671" box
21 "415" box
22 "721" box
23 "724" box
24 "693" box
25 "738" box
26 "750" box
27 "754" box
28 "765" box
29 "412" box
30 "443" box
31 "1448" box
32 "1449" box
33 "610" box
34 "1644" box
35 "1645" box
36 "413" box
37 "1439" box
38 "1702" box
39 "756" box
40 "234" box
41 "1445" box
42 "1456" box
*Edges
1 31 876
1 40 57
1 41 156
1 21 13
1 7 2927
1 42 76
1 17 63
1 30 549
1 37 128
1 22 21
1 26 267
1 18 687
1 10 1778
1 27 13
1 4 1762
1 33 208
1 32 670
1 15 1274
1 35 222
1 13 754
1 11 602
1 14 145
1 12 74
1 3 1286
1 8 1031
1 5 2970
1 19 571
1 28 1
1 16 226
1 2 734
1 6 632
1 36 195
1 39 11
1 34 403
1 25 124
1 29 75
1 24 1653
1 23 19
1 9 214
2 11 121
2 12 219
2 32 372
2 31 32
2 4 3230
2 16 52
2 26 400
2 19 351
2 37 137
2 24 1211
2 22 7
2 3 5674
2 13 277
2 17 1
2 14 79
2 21 4
2 9 964
2 15 5240
2 10 3272
2 18 964
2 1 734
2 23 1
2 6 601
2 33 132
2 39 2
2 40 184
2 27 32
2 20 4
2 8 3069
2 5 2605
2 7 10767
3 40 274
3 32 694
3 7 15350
3 27 60
3 13 92
3 17 231
3 31 60
3 5 3911
3 24 2261
3 9 1510
3 16 61
3 2 5674
3 33 194
3 20 14
3 37 54
3 11 122
3 10 4969
3 18 1803
3 1 1286
3 8 4596
3 4 4523
3 15 6621
3 26 750
3 6 685
3 19 645
3 12 350
3 14 124
4 32 644
4 6 2828
4 3 4523
4 14 202
4 33 2145
4 27 65
4 23 26
4 2 3230
4 26 727
4 9 274
4 40 310
4 1 1762
4 11 8764
4 25 820
4 13 1679
4 5 4459
4 12 293
4 19 628
4 22 49
4 36 1365
4 17 55
4 8 3654
4 37 21
4 30 3575
4 31 54
4 21 624
4 35 1554
4 7 11525
4 18 1798
4 24 2069
4 10 3481
4 39 14
4 16 3763
4 15 4792
4 34 2831
5 6 407
5 1 2970
5 41 3898
5 27 5987
5 15 4311
5 37 126
5 3 3911
5 18 1948
5 13 26605
5 19 1520
5 12 259
5 38 165
5 26 15607
5 10 5866
5 42 1797
5 31 19892
5 11 370
5 39 258
5 4 4459
5 32 16824
5 8 3560
5 16 110
5 7 10348
5 2 2605
5 29 472
5 30 5
5 9 115
5 22 823
5 40 108
5 25 6
5 24 41292
5 14 1574
5 23 165
6 26 295
6 15 483
6 31 15
6 2 601
6 18 777
6 7 768
6 30 3
6 8 255
6 23 25
6 27 36
6 25 7
6 5 407
6 13 475
6 10 756
6 20 368
6 1 632
6 3 685
6 22 16
6 11 93
6 12 12
6 32 147
6 4 2828
6 14 32
6 28 1
6 40 1586
6 19 223
6 39 5
6 24 384
6 29 54
6 16 12
6 33 2759
6 9 125
6 37 107
7 40 207
7 13 238
7 5 10348
7 20 8
7 9 1342
7 3 15350
7 10 10068
7 12 972
7 37 34
7 8 12058
7 2 10767
7 19 1657
7 26 2151
7 27 172
7 31 172
7 24 6342
7 33 57
7 18 5132
7 14 304
7 16 164
7 6 768
7 15 15650
7 17 54
7 4 11525
7 32 1938
7 1 2927
7 11 324
40 26 419
40 11 279
40 23 149
40 1 57
40 20 66
40 3 274
40 31 46
40 37 68
40 16 26
40 8 80
40 7 207
40 24 64
40 10 609
40 39 8
40 19 9
40 25 3
40 15 90
40 9 92
40 4 310
40 13 14
40 22 11
40 12 2
40 2 184
40 17 6
40 27 18
40 18 634
40 30 1
40 6 1586
40 33 339
40 5 108
40 32 97
40 14 65
12 24 150
12 7 972
12 5 259
12 9 10
12 40 2
12 2 219
12 16 4
12 10 223
12 27 4
12 31 4
12 6 12
12 15 386
12 8 307
12 32 46
12 18 120
12 14 8
12 1 74
12 26 50
12 4 293
12 3 350
12 11 8
12 13 6
12 19 42
15 6 483
15 3 6621
15 13 107
15 14 136
15 33 109
15 31 78
15 7 15650
15 19 745
15 24 2870
15 16 73
15 20 33
15 9 608
15 1 1274
15 5 4311
15 18 2325
15 2 5240
15 12 386
15 17 136
15 4 4792
15 37 58
15 10 4659
15 32 877
15 26 975
15 40 90
15 11 146
15 8 4995
15 27 78
10 32 1634
10 27 159
10 19 1151
10 30 40
10 14 487
10 33 32
10 9 1133
10 39 81
10 18 5348
10 6 756
10 17 39
10 13 1453
10 4 3481
10 15 4659
10 2 3272
10 5 5866
10 40 609
10 1 1778
10 22 73
10 3 4969
10 37 134
10 25 59
10 16 147
10 20 8
10 7 10068
10 23 158
10 26 2242
10 24 4284
10 11 1282
10 8 3455
10 12 223
10 31 157
8 4 3654
8 32 686
8 16 59
8 12 307
8 17 1
8 19 615
8 5 3560
8 11 118
8 27 60
8 37 20
8 9 345
8 20 26
8 1 1031
8 6 255
8 15 4995
8 24 2239
8 3 4596
8 13 88
8 40 80
8 18 1797
8 33 89
8 26 750
8 14 116
8 7 12058
8 2 3069
8 31 60
8 10 3455
9 11 10
9 19 30
9 20 23
9 18 285
9 37 18
9 26 125
9 16 5
9 32 95
9 17 5812
9 27 10
9 40 92
9 1 214
9 5 115
9 12 10
9 24 320
9 3 1510
9 6 125
9 13 5
9 31 10
9 10 1133
9 33 81
9 8 345
9 2 964
9 4 274
9 7 1342
9 15 608
18 10 5348
18 25 51
18 2 964
18 30 74
18 16 184
18 37 262
18 15 2325
18 9 285
18 4 1798
18 27 277
18 5 1948
18 14 233
18 1 687
18 8 1797
18 26 2660
18 24 3685
18 22 77
18 31 253
18 7 5132
18 13 387
18 29 13133
18 19 44115
18 3 1803
18 12 120
18 39 83
18 40 634
18 28 243
18 11 1818
18 6 777
18 32 1401
18 23 264
29 28 57
29 1 75
29 5 472
29 42 95
29 19 9856
29 41 195
29 6 54
29 27 1
29 18 13133
29 24 155
29 31 1023
29 11 58
29 26 1
29 32 140
36 1 195
36 4 1365
36 34 8752
36 30 11122
36 16 2275
36 25 2640
36 35 4810
21 2 4
21 4 624
21 16 341
21 11 1901
21 39 5
21 1 13
16 23 16
16 25 1375
16 37 17
16 11 19401
16 13 6
16 35 2599
16 39 79
16 36 2275
16 26 122
16 24 79
16 5 110
16 12 4
16 2 52
16 4 3763
16 7 164
16 9 5
16 19 22
16 21 341
16 3 61
16 10 147
16 27 11
16 18 184
16 8 59
16 40 26
16 15 73
16 31 16
16 30 5772
16 1 226
16 14 4
16 34 4753
16 6 12
16 32 32
30 25 6701
30 11 31
30 32 3
30 18 74
30 34 22045
30 40 1
30 14 1
30 16 5772
30 10 40
30 26 17
30 1 549
30 4 3575
30 6 3
30 37 9
30 13 3
30 36 11122
30 5 5
30 35 12159
30 19 1
30 27 7
30 23 4
33 6 2759
33 4 2145
33 7 57
33 40 339
33 15 109
33 10 32
33 3 194
33 1 208
33 2 132
33 37 74
33 20 708
33 8 89
33 9 81
11 30 31
11 27 86
11 1 602
11 26 981
11 7 324
11 24 150
11 2 121
11 14 71
11 6 93
11 28 1
11 40 279
11 23 202
11 25 30
11 3 122
11 29 58
11 18 1818
11 13 89
11 12 8
11 5 370
11 9 10
11 22 7
11 4 8764
11 16 19401
11 37 179
11 10 1282
11 21 1901
11 39 692
11 19 239
11 31 94
11 8 118
11 32 229
11 15 146
13 3 92
13 11 89
13 4 1679
13 7 238
13 6 475
13 31 5
13 14 2519
13 23 229
13 10 1453
13 26 173
13 8 88
13 16 6
13 40 14
13 37 17
13 27 71
13 22 1589
13 24 87
13 19 44
13 12 6
13 5 26605
13 32 63
13 9 5
13 15 107
13 30 3
13 39 458
13 18 387
13 2 277
13 1 754
13 25 8
14 10 487
14 5 1574
14 25 4
14 32 56
14 24 44
14 19 62
14 1 145
14 15 136
14 37 19
14 11 71
14 18 233
14 8 116
14 39 22
14 16 4
14 22 84
14 40 65
14 31 2
14 23 22
14 12 8
14 2 79
14 30 1
14 27 2
14 26 22
14 13 2519
14 3 124
14 7 304
14 4 202
14 6 32
17 3 231
17 37 6
17 15 136
17 10 39
17 1 63
17 8 1
17 2 1
17 9 5812
17 7 54
17 40 6
17 4 55
19 32 221
19 26 172
19 18 44115
19 38 1
19 7 1657
19 13 44
19 40 9
19 25 3
19 8 615
19 4 628
19 15 745
19 14 62
19 27 19
19 12 42
19 37 21
19 11 239
19 6 223
19 9 30
19 3 645
19 16 22
19 28 180
19 30 1
19 10 1151
19 24 925
19 1 571
19 29 9856
19 31 13
19 2 351
19 5 1520
20 40 66
20 37 38
20 8 26
20 3 14
20 9 23
20 2 4
20 33 708
20 10 8
20 7 8
20 15 33
20 6 368
24 18 3685
24 4 2069
24 37 87
24 41 1209
24 29 155
24 42 601
24 12 150
24 13 87
24 27 190
24 14 44
24 31 6452
24 15 2870
24 6 384
24 8 2239
24 7 6342
24 3 2261
24 2 1211
24 5 41292
24 32 16519
24 1 1653
24 26 1723
24 19 925
24 10 4284
24 38 232
24 9 320
24 40 64
24 11 150
24 16 79
22 2 7
22 14 84
22 39 16
22 13 1589
22 4 49
22 6 16
22 5 823
22 26 45
22 11 7
22 32 4
22 1 21
22 23 13
22 40 11
22 37 5
22 18 77
22 10 73
23 16 16
23 6 25
23 11 202
23 31 28
23 32 56
23 37 48
23 4 26
23 14 22
23 10 158
23 22 13
23 40 149
23 1 19
23 39 11
23 30 4
23 2 1
23 26 305
23 27 11
23 18 264
23 13 229
23 5 165
25 14 4
25 6 7
25 18 51
25 31 1
25 37 7
25 13 8
25 5 6
25 16 1375
25 1 124
25 4 820
25 30 6701
25 10 59
25 19 3
25 34 5246
25 35 2895
25 11 30
25 27 7
25 32 12
25 26 15
25 36 2640
25 40 3
26 40 419
26 1 267
26 7 2151
26 29 1
26 3 750
26 13 173
26 18 2660
26 11 981
26 39 141
26 19 172
26 12 50
26 27 7508
26 9 125
26 8 750
26 10 2242
26 15 975
26 16 122
26 22 45
26 14 22
26 4 727
26 6 295
26 24 1723
26 25 15
26 23 305
26 30 17
26 31 1444
26 37 143
26 5 15607
26 2 400
26 32 22529
27 7 172
27 9 10
27 6 36
27 15 78
27 3 60
27 29 1
27 14 2
27 13 71
27 23 11
27 19 19
27 16 11
27 26 7508
27 8 60
27 4 65
27 10 159
27 1 13
27 32 424
27 2 32
27 5 5987
27 11 86
27 31 30
27 18 277
27 25 7
27 40 18
27 37 25
27 30 7
27 24 190
27 12 4
39 4 14
39 23 11
39 1 11
39 18 83
39 2 2
39 6 5
39 11 692
39 10 81
39 5 258
39 31 7
39 16 79
39 37 7
39 21 5
39 14 22
39 26 141
39 22 16
39 13 458
39 32 2
39 40 8
28 6 1
28 1 1
28 19 180
28 11 1
28 29 57
28 18 243
37 27 25
37 13 17
37 8 20
37 23 48
37 22 5
37 30 9
37 4 21
37 31 59
37 7 34
37 10 134
37 26 143
37 17 6
37 20 38
37 40 68
37 9 18
37 14 19
37 33 74
37 1 128
37 38 2
37 39 7
37 3 54
37 2 137
37 25 7
37 19 21
37 5 126
37 18 262
37 6 107
37 11 179
37 32 68
37 24 87
37 15 58
37 16 17
41 24 1209
41 5 3898
41 29 195
41 42 741
41 32 1092
41 31 7956
41 1 156
31 2 32
31 12 4
31 25 1
31 27 30
31 37 59
31 4 54
31 14 2
31 16 16
31 7 172
31 10 157
31 26 1444
31 11 94
31 8 60
31 41 7956
31 1 876
31 32 9579
31 29 1023
31 6 15
31 23 28
31 19 13
31 3 60
31 9 10
31 18 253
31 13 5
31 42 3876
31 40 46
31 39 7
31 24 6452
31 5 19892
31 15 78
32 22 4
32 16 32
32 27 424
32 37 68
32 23 56
32 25 12
32 26 22529
32 2 372
32 13 63
32 24 16519
32 9 95
32 40 97
32 3 694
32 7 1938
32 14 56
32 30 3
32 11 229
32 39 2
32 19 221
32 6 147
32 4 644
32 10 1634
32 29 140
32 8 686
32 12 46
32 15 877
32 18 1401
32 1 670
32 31 9579
32 38 92
32 42 532
32 5 16824
32 41 1092
42 24 601
42 5 1797
42 32 532
42 1 76
42 29 95
42 41 741
42 31 3876
34 4 2831
34 1 403
34 36 8752
34 25 5246
34 30 22045
34 35 9923
34 16 4753
35 30 12159
35 1 222
35 4 1554
35 36 4810
35 34 9923
35 25 2895
35 16 2599
38 37 2
38 5 165
38 32 92
38 19 1
38 24 232
