*Vertices  7
1 "430" box
2 "738" box
3 "443" box
4 "1644" box
5 "1645" box
6 "413" box
7 "1652" box
*Edges
6 3 460
6 1 57
6 2 154
6 5 53
6 4 304
1 6 57
1 3 722
1 2 3
1 7 16
1 4 47
1 5 2
3 4 3529
3 2 1093
3 6 460
3 5 409
3 1 722
2 3 1093
2 4 1963
2 5 216
2 6 154
2 1 3
4 1 47
4 3 3529
4 2 1963
4 6 304
4 5 676
5 6 53
5 4 676
5 3 409
5 1 2
5 2 216
7 1 16
