*Vertices  9
1 "177" box
2 "189" box
3 "234" box
4 "193" box
5 "411" box
6 "693" box
7 "443" box
8 "1439" box
9 "1445" box
*Edges
1 4 290
1 3 22
1 9 2840
1 2 1935
1 6 21
1 5 3
1 8 748
2 1 1935
2 6 284
2 9 9783
2 8 3338
4 1 290
4 3 7925
3 1 22
3 4 7925
5 8 5
5 1 3
6 2 284
6 8 16
6 9 39
6 1 21
8 1 748
8 5 5
8 2 3338
8 9 14413
8 6 16
9 6 39
9 2 9783
9 8 14413
9 1 2840
