*Vertices  11
1 "177" box
2 "750" box
3 "754" box
4 "1448" box
5 "665" box
6 "1439" box
7 "1977" box
8 "1449" box
9 "2342" box
10 "189" box
11 "249" box
*Edges
1 4 786
1 8 2552
1 3 317
1 10 202
1 2 410
1 6 125
1 9 34
10 11 353
10 3 9725
10 1 202
10 8 10769
10 5 42
10 9 9518
10 7 9
10 6 235
10 2 8887
10 4 2600
11 5 10
11 10 353
11 9 85
11 2 286
11 3 307
5 11 10
5 2 11
5 3 20
5 10 42
5 9 3
2 8 13027
2 4 3317
2 10 8887
2 9 4412
2 11 286
2 7 8
2 1 410
2 5 11
2 3 9886
2 6 214
3 6 191
3 7 43
3 5 20
3 8 15539
3 1 317
3 9 4527
3 4 5197
3 11 307
3 10 9725
3 2 9886
6 1 125
6 10 235
6 2 214
6 8 2592
6 4 1457
6 3 191
6 9 153
4 1 786
4 3 5197
4 2 3317
4 9 491
4 10 2600
4 6 1457
4 8 31109
8 3 15539
8 10 10769
8 2 13027
8 9 1331
8 4 31109
8 1 2552
8 6 2592
7 2 8
7 3 43
7 10 9
9 6 153
9 10 9518
9 2 4412
9 1 34
9 11 85
9 4 491
9 3 4527
9 8 1331
9 5 3
