*Vertices  8
1 "177" box
2 "1448" box
3 "665" box
4 "1439" box
5 "1449" box
6 "2342" box
7 "189" box
8 "249" box
*Edges
1 4 125
1 5 2525
1 7 142
1 6 10
1 2 786
7 1 142
7 3 8
7 2 1948
7 5 7412
7 4 178
7 8 143
7 6 2932
8 7 143
8 6 22
8 3 10
3 7 8
3 8 10
4 1 125
4 5 2559
4 7 178
4 2 1457
4 6 121
2 5 30779
2 7 1948
2 6 227
2 1 786
2 4 1457
5 7 7412
5 4 2559
5 1 2525
5 2 30779
5 6 530
6 2 227
6 7 2932
6 5 530
6 1 10
6 8 22
6 4 121
