*Vertices  6
1 "430" box
2 "738" box
3 "443" box
4 "1644" box
5 "1645" box
6 "413" box
*Edges
6 3 344
6 2 137
6 1 28
6 4 233
6 5 43
1 6 28
1 3 166
1 4 7
3 6 344
3 1 166
3 4 2951
3 2 942
3 5 340
2 3 942
2 5 216
2 4 1963
2 6 137
4 3 2951
4 2 1963
4 6 233
4 5 676
4 1 7
5 6 43
5 2 216
5 3 340
5 4 676
