*Vertices  29
1 "177" box
2 "179" box
3 "182" box
4 "185" box
5 "189" box
6 "193" box
7 "197" box
8 "319" box
9 "249" box
10 "659" box
11 "245" box
12 "663" box
13 "665" box
14 "668" box
15 "411" box
16 "670" box
17 "724" box
18 "693" box
19 "443" box
20 "1448" box
21 "1449" box
22 "1644" box
23 "1645" box
24 "413" box
25 "1439" box
26 "1702" box
27 "756" box
28 "234" box
29 "1445" box
*Edges
1 14 2
1 21 401
1 24 174
1 28 57
1 8 10
1 25 128
1 11 40
1 13 30
1 19 280
1 3 968
1 22 112
1 23 36
1 7 599
1 18 746
1 5 1492
1 27 4
1 29 156
1 17 19
1 2 734
1 12 312
1 16 75
1 20 600
1 4 1329
1 10 192
1 9 1418
1 15 201
1 6 397
2 10 32
2 3 3368
2 15 66
2 12 104
2 7 2017
2 25 137
2 28 184
2 20 32
2 6 600
2 18 420
2 11 135
2 16 16
2 9 3017
2 21 306
2 5 1589
2 8 178
2 17 1
2 1 734
2 13 10
2 4 2583
3 21 458
3 5 1802
3 28 114
3 4 2641
3 9 2963
3 16 24
3 7 2262
3 25 32
3 6 349
3 1 968
3 8 115
3 2 3368
3 20 48
3 11 165
3 15 98
3 14 28
3 10 48
3 18 628
4 12 728
4 25 21
4 28 204
4 3 2641
4 13 70
4 5 2181
4 23 216
4 2 2583
4 22 681
4 21 410
4 24 1044
4 15 122
4 16 21
4 8 31
4 9 2437
4 6 1312
4 10 61
4 1 1329
4 7 1867
4 18 562
4 20 42
4 17 26
4 19 1393
4 11 134
5 15 122
5 1 1492
5 21 515
5 7 1258
5 13 763
5 16 88
5 20 2511
5 29 934
5 26 165
5 9 2680
5 2 1589
5 27 1
5 6 257
5 3 1802
5 11 85
5 25 54
5 18 15553
5 12 7904
5 17 85
5 10 55
5 28 42
5 4 2181
6 10 43
6 28 991
6 17 22
6 18 132
6 19 3
6 2 600
6 5 257
6 9 720
6 4 1312
6 11 6
6 1 397
6 13 20
6 7 115
6 8 32
6 12 208
6 3 349
6 16 77
6 25 101
6 15 160
6 21 130
6 20 15
7 10 34
7 2 2017
7 9 1693
7 14 1
7 4 1867
7 28 34
7 6 115
7 11 129
7 3 2262
7 16 17
7 15 66
7 21 321
7 1 599
7 8 42
7 18 438
7 25 2
7 20 34
7 5 1258
28 8 20
28 19 1
28 21 53
28 1 57
28 20 46
28 9 609
28 7 34
28 6 991
28 18 22
28 25 68
28 15 166
28 27 8
28 11 1
28 14 2
28 17 149
28 5 42
28 2 184
28 13 33
28 3 114
28 10 137
28 16 1
28 4 204
11 3 165
11 6 6
11 7 129
11 16 1
11 4 134
11 28 1
11 1 40
11 18 26
11 15 4
11 2 135
11 10 2
11 21 19
11 20 2
11 5 85
11 9 97
9 1 1418
9 15 724
9 16 66
9 6 720
9 11 97
9 25 134
9 18 1424
9 5 2680
9 19 17
9 13 125
9 2 3017
9 14 25
9 28 609
9 27 59
9 21 1294
9 7 1693
9 10 505
9 3 2963
9 12 520
9 8 73
9 4 2437
9 17 158
9 20 157
8 7 42
8 9 73
8 1 10
8 6 32
8 4 31
8 28 20
8 2 178
8 3 115
8 14 34
8 25 10
15 16 6260
15 5 122
15 13 6
15 19 25
15 9 724
15 20 60
15 27 18
15 11 4
15 18 52
15 4 122
15 6 160
15 7 66
15 17 139
15 1 201
15 3 98
15 10 311
15 28 166
15 21 112
15 25 115
15 2 66
24 22 2188
24 1 174
24 23 696
24 19 4718
24 4 1044
19 10 9
19 15 25
19 28 1
19 1 280
19 25 9
19 17 4
19 23 924
19 21 1
19 6 3
19 24 4718
19 4 1393
19 22 2873
19 9 17
10 17 136
10 21 91
10 19 9
10 6 43
10 18 44
10 9 505
10 20 70
10 4 61
10 15 311
10 16 2
10 2 32
10 28 137
10 11 2
10 7 34
10 3 48
10 1 192
10 5 55
10 25 113
10 27 395
12 17 104
12 2 104
12 13 1040
12 5 7904
12 4 728
12 6 208
12 9 520
12 1 312
13 28 33
13 15 6
13 5 763
13 9 125
13 6 20
13 2 10
13 4 70
13 1 30
13 12 1040
13 17 10
14 25 2
14 1 2
14 7 1
14 9 25
14 8 34
14 3 28
14 28 2
16 10 2
16 11 1
16 7 17
16 5 88
16 4 21
16 18 35
16 1 75
16 9 66
16 3 24
16 15 6260
16 21 17
16 20 2
16 2 16
16 6 77
16 28 1
18 6 132
18 3 628
18 1 746
18 25 33
18 10 44
18 29 1131
18 9 1424
18 4 562
18 28 22
18 26 173
18 16 35
18 20 3959
18 7 438
18 15 52
18 5 15553
18 21 614
18 2 420
18 11 26
17 4 26
17 20 28
17 21 35
17 13 10
17 27 7
17 5 85
17 28 149
17 15 139
17 9 158
17 1 19
17 12 104
17 10 136
17 2 1
17 6 22
17 25 48
17 19 4
27 25 5
27 28 8
27 5 1
27 15 18
27 9 59
27 1 4
27 20 6
27 10 395
27 17 7
25 20 59
25 10 113
25 1 128
25 9 134
25 6 101
25 5 54
25 2 137
25 18 33
25 27 5
25 7 2
25 17 48
25 8 10
25 3 32
25 14 2
25 21 54
25 19 9
25 28 68
25 15 115
25 26 2
25 4 21
29 21 312
29 18 1131
29 5 934
29 20 5265
29 1 156
20 10 70
20 5 2511
20 21 4033
20 27 6
20 3 48
20 7 34
20 18 3959
20 6 15
20 4 42
20 29 5265
20 16 2
20 25 59
20 11 2
20 2 32
20 1 600
20 15 60
20 17 28
20 9 157
20 28 46
21 25 54
21 3 458
21 7 321
21 6 130
21 4 410
21 15 112
21 17 35
21 20 4033
21 10 91
21 2 306
21 9 1294
21 18 614
21 19 1
21 1 401
21 11 19
21 29 312
21 5 515
21 16 17
21 28 53
22 19 2873
22 1 112
22 24 2188
22 23 444
22 4 681
23 1 36
23 22 444
23 19 924
23 4 216
23 24 696
26 18 173
26 25 2
26 5 165
