*Vertices  42
1 "177" box
2 "179" box
3 "182" box
4 "185" box
5 "189" box
6 "193" box
7 "197" box
8 "251" box
9 "319" box
10 "249" box
11 "659" box
12 "245" box
13 "663" box
14 "665" box
15 "247" box
16 "430" box
17 "668" box
18 "411" box
19 "670" box
20 "671" box
21 "415" box
22 "721" box
23 "724" box
24 "693" box
25 "738" box
26 "750" box
27 "754" box
28 "765" box
29 "412" box
30 "443" box
31 "1448" box
32 "1449" box
33 "610" box
34 "1644" box
35 "1645" box
36 "413" box
37 "1439" box
38 "1702" box
39 "756" box
40 "234" box
41 "1445" box
42 "1456" box
*Edges
1 4 1767
1 5 3002
1 21 30
1 2 734
1 25 124
1 17 75
1 9 214
1 15 1274
1 22 21
1 7 3230
1 13 754
1 19 572
1 11 602
1 30 549
1 41 156
1 36 195
1 35 222
1 10 1778
1 26 267
1 33 254
1 28 1
1 24 1653
1 32 670
1 29 87
1 39 17
1 12 74
1 23 19
1 3 1286
1 27 17
1 42 76
1 6 634
1 18 703
1 16 283
1 40 57
1 37 128
1 34 403
1 31 876
1 14 145
1 8 1099
2 39 4
2 18 980
2 23 1
2 11 121
2 17 1
2 27 48
2 15 5240
2 12 219
2 37 137
2 5 2622
2 21 9
2 31 32
2 7 11648
2 33 132
2 16 52
2 10 3272
2 14 79
2 24 1211
2 26 400
2 1 734
2 32 372
2 6 601
2 19 351
2 3 5674
2 8 3237
2 9 964
2 40 184
2 20 4
2 4 3230
2 22 7
2 13 277
3 24 2261
3 11 122
3 10 4969
3 12 350
3 14 124
3 1 1286
3 17 231
3 13 92
3 2 5674
3 9 1510
3 15 6621
3 4 4526
3 40 274
3 5 3942
3 20 14
3 26 750
3 37 54
3 19 645
3 16 61
3 33 221
3 7 16752
3 18 1833
3 6 685
3 27 90
3 32 694
3 8 4870
3 31 60
4 7 12873
4 27 95
4 15 4792
4 13 1679
4 5 4490
4 36 1365
4 21 1404
4 34 2831
4 24 2069
4 26 727
4 16 4162
4 39 28
4 14 202
4 12 293
4 19 628
4 30 3575
4 9 274
4 31 54
4 6 2878
4 11 8764
4 32 644
4 10 3481
4 1 1767
4 2 3230
4 22 49
4 3 4526
4 37 21
4 17 91
4 18 1825
4 35 1554
4 33 2663
4 23 26
4 8 3888
4 40 315
4 25 820
5 14 1578
5 1 3002
5 16 111
5 23 165
5 18 1974
5 37 126
5 15 4345
5 2 2622
5 41 3976
5 8 3827
5 31 20300
5 38 165
5 6 407
5 13 26607
5 32 16884
5 22 823
5 19 1535
5 39 490
5 26 15607
5 25 6
5 3 3942
5 29 482
5 4 4490
5 9 115
5 10 5918
5 27 7629
5 7 11491
5 30 5
5 40 108
5 24 41365
5 12 261
5 42 1835
5 11 372
6 10 756
6 20 368
6 7 822
6 31 15
6 1 634
6 37 107
6 5 407
6 26 295
6 33 3523
6 30 3
6 27 51
6 22 16
6 29 66
6 14 32
6 15 483
6 39 9
6 3 685
6 40 1592
6 4 2878
6 13 475
6 24 384
6 19 224
6 9 125
6 2 601
6 12 12
6 11 93
6 32 147
6 8 267
6 23 25
6 18 795
6 16 12
6 28 1
6 25 7
7 32 2141
7 17 133
7 6 822
7 9 1491
7 21 9
7 12 1075
7 31 190
7 8 14135
7 20 8
7 1 3230
7 2 11648
7 15 17195
7 10 11029
7 5 11491
7 37 34
7 26 2376
7 40 216
7 14 336
7 16 200
7 24 7006
7 4 12873
7 18 5764
7 11 413
7 13 263
7 19 1831
7 3 16752
7 33 57
7 27 285
40 25 3
40 17 6
40 27 22
40 12 2
40 19 9
40 30 1
40 10 609
40 1 57
40 39 8
40 3 274
40 31 46
40 11 279
40 37 68
40 23 149
40 8 82
40 13 14
40 7 216
40 9 92
40 33 387
40 4 315
40 6 1592
40 26 419
40 15 90
40 20 66
40 32 97
40 22 11
40 2 184
40 18 635
40 24 64
40 16 26
40 5 108
40 14 65
12 10 223
12 19 42
12 24 150
12 9 10
12 8 327
12 13 6
12 32 46
12 26 50
12 27 6
12 14 8
12 5 261
12 1 74
12 6 12
12 11 8
12 18 122
12 4 293
12 3 350
12 16 4
12 31 4
12 2 219
12 7 1075
12 15 386
12 40 2
15 8 5301
15 11 146
15 32 877
15 13 107
15 31 78
15 27 117
15 9 608
15 26 975
15 4 4792
15 16 73
15 20 33
15 6 483
15 37 58
15 17 136
15 3 6621
15 5 4345
15 10 4659
15 7 17195
15 14 136
15 2 5240
15 19 745
15 1 1274
15 18 2364
15 33 109
15 12 386
15 24 2870
15 40 90
10 22 73
10 26 2242
10 23 158
10 4 3481
10 25 59
10 15 4659
10 31 157
10 3 4969
10 32 1634
10 13 1453
10 40 609
10 14 487
10 18 5429
10 19 1151
10 27 220
10 20 8
10 9 1133
10 1 1778
10 33 32
10 12 223
10 8 3677
10 5 5918
10 11 1282
10 30 40
10 17 39
10 39 91
10 7 11029
10 2 3272
10 24 4284
10 16 147
10 6 756
10 37 134
8 15 5301
8 19 657
8 11 126
8 26 800
8 33 89
8 20 26
8 1 1099
8 16 63
8 40 82
8 5 3827
8 7 14135
8 27 96
8 10 3677
8 17 1
8 24 2389
8 12 327
8 18 1949
8 37 20
8 14 124
8 32 732
8 13 94
8 3 4870
8 31 64
8 2 3237
8 9 355
8 4 3888
8 6 267
9 1 214
9 12 10
9 11 10
9 17 6905
9 31 10
9 3 1510
9 6 125
9 40 92
9 18 290
9 37 18
9 16 5
9 2 964
9 10 1133
9 8 355
9 26 125
9 15 608
9 32 95
9 7 1491
9 4 274
9 13 5
9 27 15
9 19 30
9 5 115
9 20 23
9 24 320
9 33 81
18 19 47299
18 6 795
18 3 1833
18 16 185
18 12 122
18 15 2364
18 2 980
18 11 1841
18 28 255
18 24 3749
18 13 390
18 5 1974
18 14 234
18 9 290
18 25 52
18 29 16970
18 32 1422
18 8 1949
18 39 85
18 7 5764
18 26 2689
18 27 384
18 1 703
18 31 255
18 37 262
18 30 75
18 40 635
18 10 5429
18 22 77
18 23 264
18 4 1825
29 19 12343
29 27 1
29 11 70
29 6 66
29 26 1
29 5 482
29 28 69
29 24 155
29 18 16970
29 31 1023
29 42 95
29 1 87
29 32 140
29 41 195
36 34 8752
36 1 195
36 16 3510
36 35 4810
36 30 11122
36 4 1365
36 25 2640
21 1 30
21 39 12
21 7 9
21 11 4533
21 2 9
21 16 807
21 4 1404
16 4 4162
16 10 147
16 37 17
16 5 111
16 13 6
16 3 61
16 19 22
16 27 15
16 31 16
16 32 32
16 25 2116
16 18 185
16 40 26
16 1 283
16 9 5
16 26 122
16 35 4005
16 12 4
16 11 19401
16 34 7299
16 36 3510
16 24 79
16 23 16
16 2 52
16 7 200
16 8 63
16 6 12
16 39 79
16 21 807
16 30 8888
16 14 4
16 15 73
30 40 1
30 6 3
30 27 10
30 37 9
30 5 5
30 23 4
30 16 8888
30 11 31
30 26 17
30 1 549
30 18 75
30 35 12159
30 36 11122
30 25 6701
30 4 3575
30 14 1
30 34 22045
30 10 40
30 32 3
30 13 3
30 19 1
33 9 81
33 15 109
33 40 387
33 3 221
33 2 132
33 20 708
33 1 254
33 10 32
33 8 89
33 6 3523
33 4 2663
33 37 74
33 7 57
11 18 1841
11 4 8764
11 14 71
11 32 229
11 25 30
11 5 372
11 2 121
11 3 122
11 31 94
11 29 70
11 16 19401
11 27 112
11 30 31
11 8 126
11 40 279
11 37 179
11 23 202
11 21 4533
11 6 93
11 39 692
11 13 89
11 24 150
11 9 10
11 15 146
11 12 8
11 7 413
11 28 1
11 10 1282
11 26 981
11 22 7
11 1 602
11 19 240
13 11 89
13 27 92
13 37 17
13 31 5
13 4 1679
13 2 277
13 8 94
13 24 87
13 26 173
13 25 8
13 32 63
13 22 1589
13 7 263
13 16 6
13 39 912
13 23 229
13 18 390
13 40 14
13 9 5
13 12 6
13 15 107
13 14 2519
13 19 44
13 3 92
13 6 475
13 30 3
13 1 754
13 5 26607
13 10 1453
14 11 71
14 6 32
14 15 136
14 24 44
14 8 124
14 23 22
14 22 84
14 40 65
14 25 4
14 7 336
14 10 487
14 30 1
14 31 2
14 3 124
14 13 2519
14 27 2
14 39 44
14 12 8
14 2 79
14 32 56
14 1 145
14 4 202
14 16 4
14 19 62
14 37 19
14 18 234
14 5 1578
14 26 22
17 40 6
17 8 1
17 4 91
17 10 39
17 3 231
17 2 1
17 37 6
17 7 133
17 9 6905
17 1 75
17 15 136
19 6 224
19 2 351
19 9 30
19 15 745
19 38 1
19 12 42
19 4 628
19 7 1831
19 32 221
19 24 925
19 37 21
19 1 572
19 18 47299
19 26 172
19 10 1151
19 16 22
19 40 9
19 13 44
19 25 3
19 11 240
19 29 12343
19 5 1535
19 28 181
19 3 645
19 31 13
19 30 1
19 27 28
19 14 62
19 8 657
20 2 4
20 15 33
20 7 8
20 33 708
20 10 8
20 8 26
20 40 66
20 9 23
20 37 38
20 6 368
20 3 14
24 6 384
24 3 2261
24 7 7006
24 14 44
24 12 150
24 16 79
24 4 2069
24 10 4284
24 37 87
24 19 925
24 41 1209
24 42 601
24 15 2870
24 1 1653
24 13 87
24 26 1723
24 40 64
24 31 6452
24 18 3749
24 5 41365
24 29 155
24 32 16519
24 38 232
24 11 150
24 27 271
24 8 2389
24 9 320
24 2 1211
22 32 4
22 23 13
22 2 7
22 10 73
22 11 7
22 18 77
22 6 16
22 4 49
22 1 21
22 5 823
22 14 84
22 39 30
22 40 11
22 37 5
22 13 1589
22 26 45
23 18 264
23 40 149
23 37 48
23 4 26
23 32 56
23 26 305
23 14 22
23 30 4
23 11 202
23 39 13
23 10 158
23 31 28
23 6 25
23 2 1
23 27 11
23 16 16
23 5 165
23 22 13
23 1 19
23 13 229
25 35 2895
25 5 6
25 32 12
25 14 4
25 16 2116
25 27 10
25 6 7
25 30 6701
25 40 3
25 19 3
25 18 52
25 36 2640
25 31 1
25 34 5246
25 37 7
25 1 124
25 13 8
25 4 820
25 11 30
25 10 59
25 26 15
26 29 1
26 31 1444
26 14 22
26 6 295
26 1 267
26 4 727
26 37 143
26 2 400
26 32 22529
26 12 50
26 22 45
26 5 15607
26 7 2376
26 24 1723
26 3 750
26 13 173
26 15 975
26 8 800
26 11 981
26 40 419
26 25 15
26 18 2689
26 23 305
26 10 2242
26 16 122
26 27 9507
26 19 172
26 9 125
26 39 141
26 30 17
27 5 7629
27 24 271
27 3 90
27 16 15
27 8 96
27 1 17
27 19 28
27 11 112
27 37 34
27 23 11
27 13 92
27 14 2
27 15 117
27 9 15
27 6 51
27 30 10
27 32 464
27 4 95
27 2 48
27 26 9507
27 29 1
27 40 22
27 25 10
27 7 285
27 12 6
27 10 220
27 18 384
27 31 32
39 5 490
39 2 4
39 4 28
39 32 2
39 31 7
39 23 13
39 13 912
39 6 9
39 18 85
39 10 91
39 37 7
39 26 141
39 40 8
39 11 692
39 21 12
39 1 17
39 14 44
39 22 30
39 16 79
28 18 255
28 11 1
28 29 69
28 19 181
28 1 1
28 6 1
37 7 34
37 30 9
37 17 6
37 11 179
37 6 107
37 2 137
37 39 7
37 40 68
37 20 38
37 22 5
37 5 126
37 18 262
37 16 17
37 19 21
37 9 18
37 1 128
37 10 134
37 3 54
37 8 20
37 38 2
37 4 21
37 26 143
37 13 17
37 32 68
37 31 59
37 15 58
37 23 48
37 27 34
37 33 74
37 25 7
37 14 19
37 24 87
41 24 1209
41 29 195
41 1 156
41 5 3976
41 31 7956
41 42 741
41 32 1092
31 2 32
31 40 46
31 7 190
31 18 255
31 14 2
31 4 54
31 5 20300
31 8 64
31 1 876
31 26 1444
31 37 59
31 10 157
31 24 6452
31 42 3876
31 13 5
31 27 32
31 6 15
31 39 7
31 23 28
31 9 10
31 11 94
31 15 78
31 25 1
31 16 16
31 41 7956
31 12 4
31 29 1023
31 3 60
31 19 13
31 32 9579
32 8 732
32 3 694
32 15 877
32 40 97
32 10 1634
32 37 68
32 5 16884
32 30 3
32 19 221
32 9 95
32 1 670
32 6 147
32 25 12
32 26 22529
32 41 1092
32 4 644
32 7 2141
32 14 56
32 16 32
32 2 372
32 31 9579
32 11 229
32 27 464
32 12 46
32 23 56
32 38 92
32 24 16519
32 18 1422
32 39 2
32 29 140
32 22 4
32 42 532
32 13 63
42 5 1835
42 24 601
42 41 741
42 32 532
42 1 76
42 31 3876
42 29 95
34 16 7299
34 35 9923
34 4 2831
34 1 403
34 36 8752
34 30 22045
34 25 5246
35 4 1554
35 25 2895
35 36 4810
35 1 222
35 30 12159
35 16 4005
35 34 9923
38 19 1
38 5 165
38 37 2
38 32 92
38 24 232
