*Vertices  11
1 "177" box
2 "750" box
3 "754" box
4 "1448" box
5 "665" box
6 "1439" box
7 "1977" box
8 "1449" box
9 "2342" box
10 "189" box
11 "249" box
*Edges
1 2 410
1 6 125
1 4 786
1 3 306
1 10 202
1 8 2552
1 9 34
10 6 235
10 2 8887
10 4 2600
10 9 9518
10 8 10769
10 11 353
10 5 42
10 3 9539
10 1 202
11 3 303
11 2 286
11 10 353
11 9 85
11 5 10
5 2 11
5 10 42
5 11 10
5 3 17
5 9 3
2 9 4412
2 11 286
2 1 410
2 6 214
2 5 11
2 4 3317
2 8 13027
2 10 8887
2 3 9672
3 11 303
3 9 4484
3 7 4
3 8 14460
3 2 9672
3 4 4770
3 5 17
3 10 9539
3 1 306
3 6 173
6 4 1457
6 10 235
6 9 153
6 8 2592
6 1 125
6 3 173
6 2 214
4 2 3317
4 10 2600
4 6 1457
4 1 786
4 3 4770
4 9 491
4 8 31109
8 1 2552
8 10 10769
8 4 31109
8 3 14460
8 9 1331
8 6 2592
8 2 13027
7 3 4
9 2 4412
9 4 491
9 3 4484
9 1 34
9 10 9518
9 6 153
9 8 1331
9 5 3
9 11 85
