*Vertices  43
1 "177" box
2 "179" box
3 "182" box
4 "185" box
5 "189" box
6 "193" box
7 "197" box
8 "251" box
9 "319" box
10 "249" box
11 "659" box
12 "245" box
13 "663" box
14 "665" box
15 "247" box
16 "430" box
17 "668" box
18 "411" box
19 "670" box
20 "671" box
21 "415" box
22 "721" box
23 "724" box
24 "693" box
25 "738" box
26 "750" box
27 "754" box
28 "765" box
29 "412" box
30 "443" box
31 "1448" box
32 "1449" box
33 "610" box
34 "1644" box
35 "1645" box
36 "413" box
37 "1652" box
38 "1439" box
39 "1702" box
40 "756" box
41 "234" box
42 "1445" box
43 "1456" box
*Edges
1 4 1767
1 8 1235
1 2 734
1 32 670
1 15 1274
1 42 156
1 14 145
1 11 605
1 24 1653
1 31 876
1 23 19
1 29 111
1 27 17
1 33 293
1 7 3302
1 28 39
1 34 403
1 16 310
1 40 17
1 12 74
1 9 220
1 30 549
1 19 692
1 6 636
1 35 222
1 10 1778
1 21 41
1 5 3014
1 25 124
1 38 128
1 13 754
1 3 1286
1 18 711
1 36 195
1 41 57
1 17 87
1 43 76
1 22 21
1 26 267
2 22 7
2 24 1211
2 38 137
2 14 79
2 1 734
2 40 4
2 20 4
2 31 32
2 17 1
2 21 12
2 13 277
2 16 52
2 18 980
2 4 3230
2 10 3272
2 28 32
2 12 219
2 5 2622
2 26 400
2 19 436
2 9 964
2 15 5240
2 33 132
2 3 5674
2 8 3573
2 23 1
2 27 48
2 6 601
2 11 121
2 7 11855
2 41 184
2 32 372
3 7 17069
3 32 694
3 11 122
3 33 241
3 12 350
3 10 4969
3 5 3942
3 20 14
3 24 2261
3 9 1510
3 13 92
3 38 54
3 41 274
3 26 750
3 1 1286
3 31 60
3 28 60
3 4 4526
3 18 1833
3 6 685
3 17 231
3 8 5418
3 2 5674
3 19 800
3 27 90
3 14 124
3 16 61
3 15 6621
4 35 1554
4 9 274
4 12 293
4 19 783
4 10 3481
4 28 55
4 15 4792
4 14 202
4 1 1767
4 6 2878
4 34 2831
4 2 3230
4 38 21
4 25 820
4 8 4356
4 13 1679
4 17 91
4 31 54
4 40 28
4 18 1825
4 11 8764
4 24 2069
4 22 49
4 41 315
4 33 2928
4 32 644
4 3 4526
4 21 1872
4 27 95
4 23 26
4 7 13141
4 30 3575
4 36 1365
4 5 4490
4 16 4351
4 26 727
5 12 261
5 7 11752
5 24 41458
5 39 165
5 4 4490
5 15 4345
5 18 1974
5 33 345
5 16 111
5 19 1900
5 40 490
5 2 2622
5 13 26607
5 3 3942
5 43 1892
5 9 322
5 26 15607
5 14 1578
5 41 108
5 28 50
5 25 6
5 32 16968
5 29 992
5 22 823
5 23 165
5 1 3014
5 8 4303
5 10 5918
5 42 4093
5 27 8759
5 6 407
5 11 372
5 38 126
5 31 20912
5 30 5
6 5 407
6 1 636
6 38 107
6 9 125
6 24 384
6 33 4411
6 26 295
6 32 147
6 28 26
6 20 368
6 12 12
6 16 12
6 22 16
6 11 93
6 23 25
6 4 2878
6 31 15
6 14 32
6 29 70
6 41 1598
6 40 9
6 10 756
6 15 483
6 13 475
6 27 51
6 3 685
6 19 224
6 25 7
6 18 803
6 30 3
6 8 291
6 2 601
6 7 834
7 2 11855
7 24 7156
7 17 145
7 41 218
7 40 1
7 15 17543
7 3 17069
7 26 2426
7 20 32
7 21 13
7 32 2187
7 18 6041
7 29 24
7 1 3302
7 16 204
7 11 421
7 33 75
7 4 13141
7 9 1600
7 27 341
7 6 834
7 31 194
7 10 11252
7 38 34
7 14 344
7 5 11752
7 13 269
7 19 2309
7 8 16333
7 28 206
7 12 1098
41 11 279
41 9 92
41 1 57
41 33 418
41 6 1598
41 7 218
41 16 26
41 26 419
41 12 2
41 22 11
41 19 9
41 2 184
41 20 66
41 4 315
41 18 635
41 5 108
41 23 149
41 32 97
41 13 14
41 28 13
41 30 1
41 27 22
41 38 68
41 8 86
41 24 64
41 10 609
41 17 6
41 25 3
41 3 274
41 15 90
41 31 46
41 14 65
41 40 8
12 2 219
12 31 4
12 5 261
12 15 386
12 3 350
12 27 6
12 41 2
12 9 10
12 7 1098
12 13 6
12 16 4
12 32 46
12 18 122
12 6 12
12 24 150
12 11 8
12 19 52
12 10 223
12 26 50
12 1 74
12 28 4
12 14 8
12 8 367
12 4 293
15 18 2364
15 4 4792
15 17 136
15 13 107
15 12 386
15 33 109
15 27 117
15 38 58
15 6 483
15 31 78
15 8 5913
15 2 5240
15 24 2870
15 3 6621
15 5 4345
15 19 915
15 32 877
15 41 90
15 26 975
15 1 1274
15 28 78
15 7 17543
15 20 33
15 11 146
15 16 73
15 9 608
15 14 136
15 10 4659
10 26 2242
10 9 1133
10 7 11252
10 3 4969
10 12 223
10 32 1634
10 16 147
10 5 5918
10 8 4121
10 19 1411
10 13 1453
10 40 91
10 1 1778
10 41 609
10 14 487
10 20 8
10 25 59
10 38 134
10 27 221
10 17 39
10 15 4659
10 28 246
10 11 1282
10 18 5430
10 30 40
10 6 756
10 4 3481
10 2 3272
10 33 66
10 31 157
10 24 4284
10 22 73
10 23 158
8 16 71
8 4 4356
8 13 106
8 15 5913
8 11 142
8 12 367
8 32 824
8 7 16333
8 17 1
8 27 128
8 33 99
8 24 2689
8 18 2248
8 3 5418
8 14 140
8 5 4303
8 38 20
8 19 921
8 28 77
8 2 3573
8 31 72
8 29 10
8 41 86
8 26 900
8 6 291
8 10 4121
8 1 1235
8 20 36
8 9 431
9 5 322
9 3 1510
9 41 92
9 18 354
9 8 431
9 11 10
9 26 125
9 20 169
9 15 608
9 6 125
9 16 5
9 38 18
9 2 964
9 31 10
9 27 47
9 1 220
9 19 30
9 7 1600
9 28 18
9 10 1133
9 13 5
9 12 10
9 32 179
9 4 274
9 29 41
9 24 1798
9 33 539
9 17 8274
18 27 424
18 2 980
18 28 1081
18 20 16
18 7 6041
18 13 390
18 31 256
18 16 185
18 10 5430
18 24 3749
18 38 263
18 4 1825
18 6 803
18 11 1849
18 26 2690
18 25 52
18 30 75
18 22 78
18 29 18794
18 12 122
18 21 2
18 41 635
18 8 2248
18 40 89
18 1 711
18 14 234
18 15 2364
18 23 264
18 3 1833
18 19 49780
18 9 354
18 32 1422
18 33 15
18 5 1974
29 33 53
29 42 390
29 9 41
29 1 111
29 43 190
29 7 24
29 18 18794
29 27 9
29 24 310
29 5 992
29 6 70
29 32 280
29 31 2043
29 11 74
29 26 1
29 20 31
29 8 10
29 19 13203
29 28 298
36 25 2640
36 1 195
36 4 1365
36 16 4095
36 35 4810
36 34 8752
36 30 11122
21 18 2
21 40 18
21 4 1872
21 11 6479
21 2 12
21 1 41
21 16 1129
21 7 13
21 19 2
16 38 17
16 36 4095
16 34 8505
16 1 310
16 21 1129
16 28 2
16 26 122
16 10 147
16 3 61
16 9 5
16 7 204
16 35 4671
16 40 79
16 27 15
16 25 2467
16 11 19560
16 8 71
16 23 16
16 41 26
16 4 4351
16 31 16
16 14 4
16 15 73
16 6 12
16 2 52
16 12 4
16 18 185
16 19 27
16 24 79
16 37 107
16 32 32
16 13 6
16 5 111
16 30 10369
30 23 4
30 27 10
30 14 1
30 10 40
30 19 1
30 13 3
30 34 22045
30 32 3
30 33 1
30 36 11122
30 1 549
30 28 3
30 26 17
30 41 1
30 5 5
30 25 6701
30 37 29
30 6 3
30 35 12159
30 11 31
30 18 75
30 38 9
30 4 3575
30 16 10369
33 6 4411
33 5 345
33 25 1
33 20 1070
33 14 1
33 29 53
33 28 4
33 2 132
33 3 241
33 4 2928
33 27 4
33 26 2
33 11 9
33 8 99
33 41 418
33 17 1
33 1 293
33 7 75
33 15 109
33 24 2460
33 18 15
33 32 142
33 10 66
33 13 2
33 30 1
33 9 539
33 38 74
11 2 121
11 5 372
11 10 1282
11 28 77
11 22 7
11 3 122
11 26 981
11 12 8
11 29 74
11 8 142
11 40 695
11 23 202
11 15 146
11 24 150
11 31 94
11 27 112
11 32 229
11 16 19560
11 1 605
11 18 1849
11 13 89
11 9 10
11 21 6479
11 19 251
11 6 93
11 41 279
11 25 30
11 4 8764
11 7 421
11 30 31
11 14 71
11 33 9
11 38 179
13 12 6
13 18 390
13 26 173
13 6 475
13 30 3
13 22 1589
13 14 2519
13 5 26607
13 8 106
13 24 87
13 27 104
13 10 1453
13 28 25
13 7 269
13 3 92
13 38 17
13 31 5
13 9 5
13 15 107
13 19 54
13 1 754
13 40 912
13 25 8
13 32 63
13 4 1679
13 41 14
13 23 229
13 11 89
13 16 6
13 2 277
13 33 2
14 11 71
14 18 234
14 7 344
14 33 1
14 22 84
14 10 487
14 26 22
14 1 145
14 4 202
14 16 4
14 5 1578
14 12 8
14 8 140
14 13 2519
14 31 2
14 3 124
14 30 1
14 6 32
14 32 56
14 41 65
14 25 4
14 23 22
14 27 2
14 38 19
14 24 44
14 15 136
14 19 82
14 2 79
14 40 44
14 28 14
17 4 91
17 15 136
17 10 39
17 3 231
17 1 87
17 9 8274
17 7 145
17 41 6
17 8 1
17 2 1
17 38 6
17 33 1
19 7 2309
19 16 27
19 18 49780
19 5 1900
19 6 224
19 9 30
19 14 82
19 29 13203
19 24 980
19 25 3
19 28 567
19 27 28
19 26 172
19 32 241
19 30 1
19 4 783
19 31 13
19 2 436
19 13 54
19 1 692
19 3 800
19 41 9
19 8 921
19 12 52
19 11 251
19 21 2
19 38 21
19 39 1
19 10 1411
19 15 915
20 38 38
20 10 8
20 28 2
20 3 14
20 2 4
20 41 66
20 33 1070
20 8 36
20 9 169
20 7 32
20 18 16
20 24 3
20 15 33
20 27 8
20 6 368
20 29 31
24 38 87
24 43 601
24 6 384
24 1 1653
24 11 150
24 39 232
24 3 2261
24 32 16519
24 26 1723
24 27 283
24 31 6452
24 18 3749
24 28 128
24 2 1211
24 41 64
24 19 980
24 8 2689
24 5 41458
24 7 7156
24 20 3
24 14 44
24 13 87
24 12 150
24 33 2460
24 9 1798
24 29 310
24 15 2870
24 42 1209
24 16 79
24 4 2069
24 10 4284
22 11 7
22 4 49
22 10 73
22 41 11
22 40 30
22 5 823
22 6 16
22 32 4
22 14 84
22 38 5
22 2 7
22 1 21
22 13 1589
22 18 78
22 23 13
22 26 45
23 13 229
23 26 305
23 30 4
23 16 16
23 22 13
23 1 19
23 32 56
23 18 264
23 2 1
23 41 149
23 10 158
23 11 202
23 31 28
23 14 22
23 40 13
23 5 165
23 4 26
23 27 11
23 6 25
23 38 48
25 16 2467
25 18 52
25 38 7
25 31 1
25 34 5246
25 36 2640
25 6 7
25 1 124
25 32 12
25 19 3
25 13 8
25 33 1
25 10 59
25 28 7
25 27 10
25 5 6
25 4 820
25 11 30
25 14 4
25 30 6701
25 41 3
25 35 2895
25 26 15
26 29 1
26 33 2
26 22 45
26 7 2426
26 2 400
26 8 900
26 16 122
26 38 143
26 41 419
26 5 15607
26 28 74
26 1 267
26 25 15
26 32 22529
26 13 173
26 9 125
26 31 1444
26 15 975
26 12 50
26 30 17
26 11 981
26 23 305
26 14 22
26 4 727
26 24 1723
26 27 10874
26 10 2242
26 19 172
26 18 2690
26 6 295
26 3 750
26 40 141
27 18 424
27 15 117
27 33 4
27 31 33
27 24 283
27 9 47
27 32 473
27 1 17
27 23 11
27 41 22
27 25 10
27 3 90
27 4 95
27 11 112
27 8 128
27 13 104
27 12 6
27 10 221
27 38 34
27 2 48
27 19 28
27 5 8759
27 29 9
27 28 14
27 26 10874
27 7 341
27 20 8
27 6 51
27 30 10
27 16 15
27 14 2
40 6 9
40 21 18
40 41 8
40 4 28
40 26 141
40 2 4
40 7 1
40 16 79
40 18 89
40 5 490
40 22 30
40 23 13
40 14 44
40 1 17
40 13 912
40 11 695
40 32 2
40 38 7
40 31 7
40 10 91
28 41 13
28 33 4
28 8 77
28 25 7
28 1 39
28 9 18
28 13 25
28 26 74
28 30 3
28 12 4
28 14 14
28 4 55
28 32 77
28 31 8
28 15 78
28 18 1081
28 5 50
28 29 298
28 3 60
28 27 14
28 20 2
28 24 128
28 10 246
28 2 32
28 38 17
28 16 2
28 7 206
28 6 26
28 19 567
28 11 77
38 30 9
38 11 179
38 20 38
38 9 18
38 5 126
38 24 87
38 25 7
38 39 2
38 16 17
38 27 34
38 33 74
38 1 128
38 41 68
38 6 107
38 18 263
38 4 21
38 2 137
38 32 68
38 14 19
38 17 6
38 22 5
38 3 54
38 8 20
38 28 17
38 10 134
38 23 48
38 13 17
38 7 34
38 19 21
38 26 143
38 31 59
38 40 7
38 15 58
42 32 1092
42 5 4093
42 43 741
42 29 390
42 31 7956
42 24 1209
42 1 156
31 38 59
31 29 2043
31 3 60
31 5 20912
31 42 7956
31 13 5
31 2 32
31 12 4
31 43 3876
31 40 7
31 41 46
31 11 94
31 24 6452
31 8 72
31 9 10
31 7 194
31 10 157
31 6 15
31 4 54
31 32 9579
31 27 33
31 18 256
31 16 16
31 15 78
31 23 28
31 14 2
31 19 13
31 28 8
31 1 876
31 25 1
31 26 1444
32 33 142
32 7 2187
32 10 1634
32 43 532
32 26 22529
32 1 670
32 27 473
32 40 2
32 25 12
32 30 3
32 24 16519
32 42 1092
32 4 644
32 12 46
32 5 16968
32 31 9579
32 9 179
32 16 32
32 3 694
32 15 877
32 6 147
32 13 63
32 2 372
32 22 4
32 41 97
32 11 229
32 8 824
32 39 92
32 14 56
32 29 280
32 23 56
32 38 68
32 28 77
32 19 241
32 18 1422
43 29 190
43 42 741
43 31 3876
43 24 601
43 32 532
43 1 76
43 5 1892
34 36 8752
34 1 403
34 30 22045
34 25 5246
34 16 8505
34 4 2831
34 35 9923
35 30 12159
35 36 4810
35 34 9923
35 16 4671
35 4 1554
35 25 2895
35 1 222
37 30 29
37 16 107
39 19 1
39 24 232
39 38 2
39 5 165
39 32 92
