*Vertices  9
1 "177" box
2 "182" box
3 "185" box
4 "179" box
5 "430" box
6 "415" box
7 "659" box
8 "756" box
9 "1972" box
*Edges
1 7 957
1 3 610
1 8 53
4 2 10
4 3 12
2 4 10
2 3 16
3 2 16
3 5 892
3 1 610
3 7 11103
3 4 12
3 6 2455
6 5 2620
6 7 24868
6 9 29
6 3 2455
5 6 2620
5 9 81
5 3 892
5 7 19427
7 3 11103
7 1 957
7 9 476
7 5 19427
7 6 24868
7 8 1857
8 1 53
8 7 1857
9 6 29
9 7 476
9 5 81
