*Vertices  21
1 "177" box
2 "189" box
3 "197" box
4 "234" box
5 "193" box
6 "663" box
7 "430" box
8 "411" box
9 "670" box
10 "693" box
11 "249" box
12 "412" box
13 "443" box
14 "1439" box
15 "1445" box
16 "1448" box
17 "1449" box
18 "665" box
19 "1456" box
20 "610" box
21 "756" box
*Edges
1 4 28
1 11 8
1 9 129
1 16 1100
1 2 2985
1 15 2840
1 8 439
1 10 350
1 17 181
1 12 13
1 14 748
1 18 124
1 5 719
1 20 26
1 19 350
2 1 2985
2 10 7602
2 16 26010
2 14 5516
2 18 231
2 6 26
2 9 153
2 12 234
2 11 23
2 21 33
2 3 12
2 19 4881
2 17 3624
2 15 19838
2 8 2998
5 4 16969
5 4 123119
5 1 719
5 20 17740
3 2 12
3 11 1
4 4 7205
4 4 7205
4 1 28
4 5 16969
4 20 835
4 5 123119
4 9 2
4 20 5990
11 21 3
11 6 1
11 1 8
11 18 13
11 3 1
11 2 23
11 8 7
8 14 1092
8 11 7
8 16 3787
8 21 12
8 10 498
8 2 2998
8 7 9
8 12 75
8 19 759
8 18 72
8 1 439
8 15 4213
8 6 10
8 9 177
8 17 493
12 17 98
12 1 13
12 19 222
12 15 269
12 8 75
12 2 234
12 10 34
12 16 532
12 14 52
7 8 9
20 4 835
20 5 17740
20 1 26
20 4 5990
6 21 3
6 8 10
6 11 1
6 18 8
6 2 26
18 9 6
18 6 8
18 1 124
18 8 72
18 21 12
18 2 231
18 11 13
9 4 2
9 8 177
9 14 165
9 2 153
9 18 6
9 1 129
10 14 829
10 12 34
10 16 6431
10 1 350
10 17 824
10 2 7602
10 8 498
10 15 3788
10 19 926
21 6 3
21 18 12
21 2 33
21 11 3
21 8 12
14 1 748
14 9 165
14 10 829
14 19 1301
14 8 1092
14 15 14413
14 12 52
14 17 907
14 16 4342
14 2 5516
15 19 5851
15 12 269
15 10 3788
15 1 2840
15 2 19838
15 17 5161
15 14 14413
15 8 4213
15 16 21447
16 15 21447
16 19 5030
16 12 532
16 14 4342
16 10 6431
16 1 1100
16 17 4929
16 2 26010
16 8 3787
17 2 3624
17 1 181
17 12 98
17 14 907
17 10 824
17 19 946
17 15 5161
17 8 493
17 16 4929
19 8 759
19 1 350
19 17 946
19 10 926
19 15 5851
19 12 222
19 16 5030
19 14 1301
19 2 4881
