*Vertices  20
1 "177" box
2 "189" box
3 "197" box
4 "234" box
5 "193" box
6 "663" box
7 "411" box
8 "670" box
9 "693" box
10 "249" box
11 "412" box
12 "443" box
13 "1439" box
14 "1445" box
15 "1448" box
16 "1449" box
17 "665" box
18 "1456" box
19 "610" box
20 "756" box
*Edges
1 11 13
1 15 1100
1 17 124
1 10 8
1 2 2985
1 8 129
1 16 181
1 7 387
1 14 2840
1 9 350
1 18 350
1 4 28
1 5 719
1 13 748
1 19 26
2 10 23
2 13 5516
2 14 19838
2 15 26010
2 9 7602
2 18 4881
2 17 231
2 11 229
2 20 33
2 6 26
2 16 3624
2 7 2707
2 8 153
2 1 2985
5 19 17740
5 1 719
5 4 16969
5 4 123119
4 19 5990
4 4 7205
4 4 7205
4 5 123119
4 19 835
4 5 16969
4 8 2
4 1 28
10 7 1
10 2 23
10 20 3
10 1 8
10 6 1
10 17 13
7 8 170
7 9 493
7 13 1092
7 16 482
7 10 1
7 18 751
7 17 10
7 2 2707
7 11 70
7 1 387
7 15 3642
7 14 4197
7 6 2
11 2 229
11 1 13
11 18 213
11 14 269
11 9 34
11 13 52
11 7 70
11 15 532
11 16 96
19 1 26
19 4 835
19 4 5990
19 5 17740
6 7 2
6 2 26
6 17 8
6 10 1
6 20 3
17 1 124
17 20 12
17 10 13
17 6 8
17 7 10
17 2 231
17 8 6
8 7 170
8 17 6
8 4 2
8 1 129
8 13 165
8 2 153
9 1 350
9 2 7602
9 13 829
9 14 3788
9 11 34
9 7 493
9 16 824
9 15 6431
9 18 926
20 17 12
20 2 33
20 6 3
20 10 3
13 9 829
13 2 5516
13 8 165
13 14 14413
13 16 907
13 18 1301
13 15 4342
13 1 748
13 7 1092
13 11 52
14 11 269
14 16 5161
14 15 21447
14 1 2840
14 2 19838
14 18 5851
14 7 4197
14 9 3788
14 13 14413
15 13 4342
15 18 5030
15 9 6431
15 1 1100
15 7 3642
15 2 26010
15 16 4929
15 11 532
15 14 21447
16 9 824
16 14 5161
16 18 946
16 15 4929
16 11 96
16 13 907
16 2 3624
16 7 482
16 1 181
18 9 926
18 15 5030
18 16 946
18 1 350
18 13 1301
18 2 4881
18 7 751
18 14 5851
18 11 213
