*Vertices  40
1 "177" box
2 "179" box
3 "182" box
4 "185" box
5 "189" box
6 "193" box
7 "197" box
8 "251" box
9 "319" box
10 "249" box
11 "659" box
12 "245" box
13 "663" box
14 "665" box
15 "247" box
16 "430" box
17 "668" box
18 "411" box
19 "670" box
20 "721" box
21 "724" box
22 "693" box
23 "738" box
24 "750" box
25 "754" box
26 "765" box
27 "412" box
28 "443" box
29 "1448" box
30 "1449" box
31 "610" box
32 "1644" box
33 "1645" box
34 "413" box
35 "1439" box
36 "1702" box
37 "756" box
38 "234" box
39 "1445" box
40 "1456" box
*Edges
1 30 670
1 12 74
1 22 1577
1 28 543
1 6 621
1 27 26
1 25 7
1 37 4
1 19 557
1 2 734
1 34 195
1 10 1778
1 40 76
1 5 2826
1 7 2367
1 24 267
1 9 163
1 35 128
1 18 587
1 32 403
1 23 124
1 38 57
1 33 222
1 3 1286
1 13 754
1 20 21
1 39 156
1 11 459
1 26 1
1 15 1274
1 4 1762
1 29 876
1 16 121
1 8 325
1 21 19
1 17 43
1 14 145
1 31 75
2 12 219
2 19 335
2 24 400
2 20 7
2 3 5674
2 25 16
2 4 3230
2 29 32
2 21 1
2 22 1147
2 8 1235
2 14 79
2 15 5240
2 11 78
2 6 601
2 5 2588
2 35 137
2 13 277
2 9 889
2 38 184
2 1 734
2 7 8733
2 18 740
2 16 52
2 30 372
2 17 1
2 10 3272
3 22 2141
3 6 685
3 12 350
3 10 4969
3 38 274
3 13 92
3 1 1286
3 17 222
3 29 60
3 24 750
3 18 1383
3 7 12619
3 11 91
3 4 4523
3 30 694
3 16 61
3 25 30
3 19 615
3 9 1360
3 2 5674
3 15 6621
3 8 1646
3 31 46
3 14 124
3 35 54
3 5 3880
4 5 4428
4 12 293
4 1 1762
4 2 3230
4 8 1189
4 6 2828
4 15 4792
4 14 202
4 17 1
4 31 780
4 28 3533
4 16 3028
4 20 49
4 11 4643
4 33 1554
4 22 1961
4 32 2831
4 34 1365
4 30 644
4 9 257
4 23 820
4 24 727
4 21 26
4 10 3481
4 18 1394
4 7 9501
4 19 601
4 29 54
4 38 310
4 25 34
4 13 1679
4 35 21
4 3 4523
5 36 165
5 15 4277
5 21 165
5 35 126
5 39 2728
5 8 1122
5 11 263
5 7 8308
5 9 115
5 4 4428
5 6 405
5 28 5
5 38 108
5 40 1227
5 16 109
5 20 823
5 24 15029
5 19 1433
5 2 2588
5 30 15980
5 1 2826
5 3 3880
5 10 5814
5 25 1391
5 23 6
5 12 257
5 14 1570
5 22 38360
5 37 21
5 29 13772
5 13 26602
5 18 1599
6 31 1084
6 7 658
6 28 3
6 20 14
6 12 12
6 15 483
6 8 112
6 25 17
6 19 207
6 18 634
6 21 23
6 27 26
6 38 1538
6 16 12
6 14 32
6 24 281
6 11 74
6 2 601
6 23 7
6 4 2828
6 30 147
6 29 15
6 35 107
6 1 621
6 3 685
6 22 360
6 5 405
6 13 475
6 26 1
6 9 112
6 10 747
7 11 196
7 13 188
7 16 130
7 4 9501
7 2 8733
7 14 240
7 18 3106
7 6 658
7 29 136
7 15 12931
7 22 4742
7 3 12619
7 10 7931
7 38 128
7 30 1532
7 17 48
7 35 32
7 1 2367
7 24 1701
7 8 3228
7 12 802
7 5 8308
7 9 940
7 25 68
7 19 1241
38 6 1538
38 18 509
38 4 310
38 8 56
38 11 216
38 17 6
38 19 8
38 12 2
38 16 26
38 1 57
38 31 131
38 2 184
38 24 419
38 7 128
38 29 46
38 9 81
38 21 149
38 30 97
38 23 3
38 37 8
38 15 90
38 35 68
38 25 7
38 3 274
38 5 108
38 10 609
38 22 60
38 20 11
38 13 14
38 28 1
38 14 65
12 5 257
12 2 219
12 38 2
12 3 350
12 4 293
12 16 4
12 22 142
12 14 8
12 11 6
12 9 10
12 19 40
12 6 12
12 24 50
12 15 386
12 13 6
12 7 802
12 18 92
12 30 46
12 25 2
12 10 223
12 29 4
12 1 74
12 8 99
15 38 90
15 14 136
15 25 39
15 24 975
15 13 107
15 2 5240
15 9 549
15 18 1779
15 4 4792
15 29 78
15 31 6
15 17 136
15 22 2714
15 19 706
15 7 12931
15 10 4659
15 8 1697
15 30 877
15 6 483
15 1 1274
15 11 112
15 12 386
15 35 58
15 16 73
15 3 6621
15 5 4277
10 24 2242
10 1 1778
10 28 40
10 16 147
10 8 1130
10 29 157
10 6 747
10 14 487
10 12 223
10 35 134
10 18 4242
10 19 1093
10 15 4659
10 23 59
10 20 73
10 5 5814
10 11 990
10 38 609
10 21 158
10 13 1453
10 4 3481
10 17 36
10 22 4052
10 2 3272
10 9 1050
10 30 1634
10 37 59
10 25 90
10 3 4969
10 7 7931
8 3 1646
8 12 99
8 30 207
8 14 36
8 1 325
8 22 639
8 13 27
8 19 180
8 29 18
8 35 18
8 7 3228
8 18 414
8 25 9
8 10 1130
8 31 4
8 4 1189
8 2 1235
8 6 112
8 15 1697
8 38 56
8 24 225
8 11 27
8 5 1122
8 9 174
8 16 18
9 3 1360
9 18 215
9 22 300
9 38 81
9 5 115
9 35 14
9 7 940
9 12 10
9 15 549
9 17 2097
9 8 174
9 19 25
9 25 5
9 13 5
9 30 95
9 24 125
9 16 5
9 10 1050
9 1 163
9 29 10
9 2 889
9 11 10
9 31 15
9 4 257
9 6 112
18 25 103
18 8 414
18 20 64
18 21 252
18 19 36067
18 11 1289
18 4 1394
18 2 740
18 23 47
18 15 1779
18 29 221
18 27 5469
18 37 47
18 6 634
18 3 1383
18 5 1599
18 16 160
18 22 2617
18 35 248
18 30 1097
18 12 92
18 1 587
18 9 215
18 26 210
18 14 185
18 10 4242
18 28 48
18 24 2219
18 13 366
18 7 3106
18 38 509
27 26 26
27 1 26
27 11 26
27 19 4453
27 18 5469
27 6 26
34 33 4810
34 4 1365
34 28 10992
34 32 8752
34 23 2640
34 1 195
16 7 130
16 29 16
16 6 12
16 5 109
16 1 121
16 24 122
16 19 21
16 15 73
16 28 1
16 8 18
16 13 6
16 10 147
16 2 52
16 18 160
16 9 5
16 35 17
16 30 32
16 21 16
16 37 77
16 38 26
16 25 4
16 11 16693
16 3 61
16 23 1
16 4 3028
16 14 4
16 12 4
16 22 75
28 13 3
28 16 1
28 33 12009
28 19 1
28 10 40
28 5 5
28 38 1
28 23 6611
28 14 1
28 18 48
28 1 543
28 6 3
28 35 9
28 21 4
28 25 3
28 11 20
28 34 10992
28 24 15
28 32 21763
28 30 3
28 4 3533
31 6 1084
31 35 32
31 38 131
31 3 46
31 15 6
31 8 4
31 9 15
31 1 75
31 4 780
11 19 207
11 2 78
11 9 10
11 22 131
11 8 27
11 16 16693
11 12 6
11 26 1
11 5 263
11 35 152
11 1 459
11 29 89
11 27 26
11 24 844
11 14 44
11 25 24
11 15 112
11 4 4643
11 18 1289
11 28 20
11 30 188
11 20 4
11 10 990
11 3 91
11 13 70
11 23 22
11 7 196
11 37 626
11 38 216
11 21 178
11 6 74
13 22 83
13 24 168
13 2 277
13 5 26602
13 10 1453
13 16 6
13 4 1679
13 6 475
13 14 2519
13 15 107
13 37 4
13 8 27
13 19 43
13 25 18
13 38 14
13 7 188
13 3 92
13 23 8
13 35 17
13 1 754
13 9 5
13 20 1589
13 12 6
13 30 63
13 11 70
13 18 366
13 21 229
13 29 5
13 28 3
14 10 487
14 21 22
14 19 62
14 23 4
14 7 240
14 22 44
14 6 32
14 29 2
14 16 4
14 1 145
14 18 185
14 4 202
14 24 22
14 35 19
14 2 79
14 13 2519
14 28 1
14 20 84
14 30 56
14 15 136
14 25 2
14 5 1570
14 11 44
14 8 36
14 3 124
14 12 8
14 38 65
17 4 1
17 3 222
17 15 136
17 35 6
17 38 6
17 10 36
17 2 1
17 7 48
17 9 2097
17 1 43
19 25 8
19 14 62
19 24 145
19 16 21
19 38 8
19 4 601
19 6 207
19 7 1241
19 1 557
19 36 1
19 18 36067
19 13 43
19 12 40
19 30 193
19 26 170
19 8 180
19 28 1
19 27 4453
19 35 21
19 15 706
19 23 3
19 9 25
19 5 1433
19 29 11
19 3 615
19 11 207
19 10 1093
19 22 737
19 2 335
22 35 69
22 13 83
22 40 563
22 1 1577
22 6 360
22 18 2617
22 39 1131
22 15 2714
22 5 38360
22 36 231
22 11 131
22 19 737
22 24 1618
22 16 75
22 10 4052
22 25 74
22 38 60
22 12 142
22 14 44
22 9 300
22 30 15677
22 8 639
22 2 1147
22 7 4742
22 4 1961
22 29 6036
22 3 2141
20 13 1589
20 21 13
20 14 84
20 2 7
20 5 823
20 4 49
20 24 45
20 30 4
20 11 4
20 38 11
20 10 73
20 35 5
20 6 14
20 1 21
20 18 64
21 37 7
21 10 158
21 1 19
21 16 16
21 20 13
21 11 178
21 30 56
21 28 4
21 38 149
21 18 252
21 14 22
21 24 305
21 2 1
21 6 23
21 4 26
21 25 3
21 29 28
21 13 229
21 35 48
21 5 165
23 11 22
23 30 12
23 14 4
23 35 7
23 4 820
23 33 2895
23 38 3
23 1 124
23 18 47
23 16 1
23 25 3
23 6 7
23 13 8
23 32 5246
23 29 1
23 24 15
23 28 6611
23 34 2640
23 19 3
23 5 6
23 10 59
24 5 15029
24 6 281
24 14 22
24 37 116
24 29 1444
24 18 2219
24 19 145
24 38 419
24 11 844
24 9 125
24 15 975
24 3 750
24 30 22529
24 20 45
24 16 122
24 23 15
24 22 1618
24 4 727
24 25 1766
24 35 143
24 7 1701
24 28 15
24 12 50
24 10 2242
24 8 225
24 2 400
24 21 305
24 1 267
24 13 168
25 10 90
25 1 7
25 6 17
25 30 287
25 28 3
25 29 16
25 21 3
25 4 34
25 14 2
25 38 7
25 16 4
25 23 3
25 8 9
25 22 74
25 15 39
25 24 1766
25 5 1391
25 13 18
25 11 24
25 12 2
25 7 68
25 3 30
25 18 103
25 35 9
25 9 5
25 2 16
25 19 8
37 21 7
37 29 6
37 13 4
37 16 77
37 5 21
37 38 8
37 24 116
37 10 59
37 30 2
37 18 47
37 11 626
37 35 5
37 1 4
26 1 1
26 18 210
26 6 1
26 19 170
26 27 26
26 11 1
35 1 128
35 7 32
35 4 21
35 11 152
35 2 137
35 16 17
35 14 19
35 5 126
35 19 21
35 22 69
35 15 58
35 23 7
35 25 9
35 28 9
35 37 5
35 8 18
35 3 54
35 24 143
35 9 14
35 29 59
35 6 107
35 20 5
35 18 248
35 10 134
35 13 17
35 36 2
35 30 68
35 31 32
35 17 6
35 21 48
35 38 68
39 29 7956
39 22 1131
39 40 741
39 30 1092
39 1 156
39 5 2728
29 19 11
29 13 5
29 39 7956
29 6 15
29 14 2
29 40 3876
29 38 46
29 11 89
29 5 13772
29 37 6
29 30 9579
29 25 16
29 24 1444
29 12 4
29 15 78
29 8 18
29 3 60
29 16 16
29 35 59
29 23 1
29 10 157
29 18 221
29 7 136
29 21 28
29 22 6036
29 4 54
29 2 32
29 1 876
29 9 10
30 16 32
30 35 68
30 37 2
30 15 877
30 18 1097
30 38 97
30 29 9579
30 5 15980
30 11 188
30 6 147
30 19 193
30 24 22529
30 9 95
30 36 92
30 39 1092
30 20 4
30 21 56
30 22 15677
30 1 670
30 7 1532
30 13 63
30 14 56
30 23 12
30 8 207
30 2 372
30 4 644
30 25 287
30 12 46
30 28 3
30 3 694
30 40 532
30 10 1634
40 39 741
40 1 76
40 5 1227
40 29 3876
40 30 532
40 22 563
32 4 2831
32 34 8752
32 1 403
32 33 9923
32 23 5246
32 28 21763
33 1 222
33 23 2895
33 4 1554
33 34 4810
33 32 9923
33 28 12009
36 30 92
36 35 2
36 5 165
36 22 231
36 19 1
