*Vertices  20
1 "177" box
2 "189" box
3 "197" box
4 "234" box
5 "193" box
6 "663" box
7 "411" box
8 "670" box
9 "693" box
10 "249" box
11 "412" box
12 "443" box
13 "1439" box
14 "1445" box
15 "1448" box
16 "1449" box
17 "665" box
18 "1456" box
19 "610" box
20 "756" box
*Edges
1 4 28
1 2 2985
1 9 350
1 17 124
1 7 388
1 19 26
1 10 8
1 8 129
1 18 350
1 14 2840
1 16 181
1 11 13
1 5 719
1 13 748
1 15 1100
2 7 2734
2 1 2985
2 6 26
2 15 26010
2 14 19838
2 9 7602
2 20 33
2 8 153
2 18 4881
2 11 234
2 17 231
2 10 23
2 16 3624
2 13 5516
2 3 12
5 4 16969
5 1 719
5 4 123119
5 19 17740
3 2 12
3 10 1
4 4 7205
4 8 2
4 1 28
4 19 5990
4 19 835
4 4 7205
4 5 123119
4 5 16969
10 7 1
10 1 8
10 6 1
10 3 1
10 2 23
10 17 13
10 20 3
7 13 1092
7 6 2
7 9 498
7 10 1
7 14 4213
7 17 10
7 1 388
7 11 75
7 18 759
7 15 3787
7 2 2734
7 16 493
7 8 170
11 1 13
11 9 34
11 15 532
11 2 234
11 14 269
11 13 52
11 16 98
11 18 222
11 7 75
19 4 5990
19 1 26
19 5 17740
19 4 835
6 10 1
6 2 26
6 17 8
6 7 2
6 20 3
17 8 6
17 20 12
17 10 13
17 1 124
17 7 10
17 2 231
17 6 8
8 4 2
8 17 6
8 13 165
8 2 153
8 7 170
8 1 129
9 14 3788
9 16 824
9 11 34
9 15 6431
9 2 7602
9 13 829
9 18 926
9 7 498
9 1 350
20 10 3
20 17 12
20 6 3
20 2 33
13 7 1092
13 14 14413
13 1 748
13 9 829
13 15 4342
13 18 1301
13 8 165
13 2 5516
13 16 907
13 11 52
14 9 3788
14 16 5161
14 18 5851
14 1 2840
14 15 21447
14 2 19838
14 11 269
14 13 14413
14 7 4213
15 2 26010
15 9 6431
15 13 4342
15 11 532
15 1 1100
15 16 4929
15 14 21447
15 18 5030
15 7 3787
16 1 181
16 15 4929
16 11 98
16 18 946
16 2 3624
16 9 824
16 7 493
16 13 907
16 14 5161
18 7 759
18 13 1301
18 15 5030
18 2 4881
18 9 926
18 1 350
18 14 5851
18 11 222
18 16 946
