*Vertices  8
1 "177" box
2 "1448" box
3 "665" box
4 "1439" box
5 "1449" box
6 "2342" box
7 "189" box
8 "249" box
*Edges
1 2 786
1 7 183
1 4 125
1 6 34
1 5 2552
7 8 309
7 1 183
7 3 32
7 4 230
7 6 5748
7 2 2481
7 5 10195
8 7 309
8 3 10
8 6 85
3 6 3
3 8 10
3 7 32
4 5 2592
4 6 153
4 2 1457
4 7 230
4 1 125
2 1 786
2 5 31109
2 6 491
2 4 1457
2 7 2481
5 4 2592
5 6 1331
5 2 31109
5 1 2552
5 7 10195
6 3 3
6 7 5748
6 2 491
6 1 34
6 4 153
6 5 1331
6 8 85
