*Vertices  10
1 "177" box
2 "189" box
3 "234" box
4 "193" box
5 "411" box
6 "693" box
7 "443" box
8 "1439" box
9 "1445" box
10 "1448" box
*Edges
1 5 11
1 4 375
1 8 748
1 3 22
1 2 2057
1 10 178
1 9 2840
1 6 334
2 1 2057
2 10 3344
2 9 10040
2 6 5318
2 8 3486
4 1 375
4 3 22310
3 1 22
3 4 22310
5 1 11
5 8 5
6 8 795
6 1 334
6 2 5318
6 9 3544
6 10 1613
8 5 5
8 6 795
8 10 461
8 1 748
8 9 14413
8 2 3486
9 10 1958
9 1 2840
9 2 10040
9 6 3544
9 8 14413
10 1 178
10 2 3344
10 6 1613
10 9 1958
10 8 461
