*Vertices  8
1 "177" box
2 "1448" box
3 "665" box
4 "1439" box
5 "1449" box
6 "2342" box
7 "189" box
8 "249" box
*Edges
1 5 2474
1 2 786
1 6 10
1 4 125
1 7 67
7 4 108
7 8 9
7 1 67
7 5 3610
7 2 1166
7 6 621
8 3 10
8 6 18
8 7 9
3 8 10
4 6 121
4 5 2501
4 1 125
4 7 108
4 2 1457
2 1 786
2 7 1166
2 4 1457
2 5 30483
2 6 227
5 1 2474
5 2 30483
5 7 3610
5 4 2501
5 6 516
6 4 121
6 8 18
6 2 227
6 7 621
6 5 516
6 1 10
