*Vertices  26
1 "177" box
2 "179" box
3 "182" box
4 "185" box
5 "189" box
6 "193" box
7 "197" box
8 "319" box
9 "249" box
10 "659" box
11 "663" box
12 "411" box
13 "670" box
14 "724" box
15 "693" box
16 "443" box
17 "1448" box
18 "1449" box
19 "1644" box
20 "1645" box
21 "413" box
22 "1439" box
23 "1702" box
24 "756" box
25 "234" box
26 "1445" box
*Edges
1 7 246
1 15 608
1 19 96
1 2 734
1 21 168
1 6 362
1 22 128
1 8 6
1 18 336
1 4 1036
1 10 159
1 14 19
1 5 1107
1 25 57
1 3 822
1 20 12
1 12 192
1 13 54
1 17 452
1 9 382
1 16 277
1 11 240
1 24 4
1 26 156
2 5 1155
2 1 734
2 10 32
2 3 2888
2 12 66
2 4 1977
2 6 600
2 14 1
2 15 148
2 9 734
2 18 226
2 8 178
2 11 80
2 7 876
2 25 27
2 22 137
2 17 32
3 17 40
3 10 40
3 1 822
3 6 298
3 9 713
3 25 68
3 4 1612
3 8 108
3 7 866
3 2 2888
3 22 32
3 12 82
3 15 184
3 5 1094
3 18 282
4 2 1977
4 22 18
4 21 896
4 6 1196
4 7 579
4 10 39
4 9 521
4 16 1221
4 25 183
4 17 28
4 15 142
4 12 88
4 8 31
4 1 1036
4 5 1088
4 14 23
4 20 64
4 11 400
4 18 207
4 19 513
4 3 1612
5 11 3920
5 1 1107
5 14 58
5 2 1155
5 24 1
5 7 398
5 12 90
5 18 323
5 4 1088
5 6 179
5 25 27
5 26 934
5 17 1863
5 22 54
5 9 673
5 15 11777
5 3 1094
5 10 44
6 11 160
6 4 1196
6 15 30
6 25 783
6 14 16
6 13 54
6 5 179
6 17 15
6 2 600
6 9 230
6 16 3
6 22 101
6 12 142
6 3 298
6 10 36
6 18 98
6 8 32
6 7 36
6 1 362
7 25 6
7 17 12
7 9 194
7 2 876
7 4 579
7 10 12
7 1 246
7 6 36
7 15 54
7 12 24
7 3 866
7 5 398
7 18 84
25 9 114
25 14 149
25 12 153
25 18 46
25 2 27
25 3 68
25 5 27
25 16 1
25 7 6
25 17 46
25 6 783
25 1 57
25 15 5
25 24 8
25 10 118
25 4 183
25 22 68
25 8 10
9 11 320
9 3 713
9 1 382
9 4 521
9 12 259
9 8 16
9 14 36
9 15 143
9 5 673
9 25 114
9 17 50
9 18 402
9 22 50
9 16 17
9 2 734
9 7 194
9 6 230
9 10 111
8 9 16
8 25 10
8 2 178
8 3 108
8 6 32
8 22 10
8 4 31
8 1 6
12 10 246
12 17 58
12 3 82
12 24 18
12 13 4382
12 15 18
12 16 24
12 14 139
12 2 66
12 4 88
12 7 24
12 25 153
12 1 192
12 22 112
12 9 259
12 18 92
12 5 90
12 6 142
21 4 896
21 16 4508
21 20 224
21 1 168
21 19 1834
16 22 9
16 18 1
16 21 4508
16 9 17
16 4 1221
16 25 1
16 1 277
16 12 24
16 19 2456
16 14 4
16 10 6
16 6 3
16 20 304
10 2 32
10 5 44
10 24 320
10 6 36
10 22 98
10 12 246
10 14 122
10 25 118
10 9 111
10 1 159
10 18 73
10 17 62
10 15 10
10 7 12
10 16 6
10 3 40
10 4 39
11 4 400
11 9 320
11 5 3920
11 14 80
11 1 240
11 6 160
11 2 80
13 1 54
13 12 4382
13 6 54
15 5 11777
15 6 30
15 1 608
15 23 1
15 22 18
15 12 18
15 9 143
15 2 148
15 3 184
15 26 1131
15 7 54
15 10 10
15 4 142
15 18 242
15 25 5
15 17 2910
14 22 48
14 11 80
14 6 16
14 17 28
14 9 36
14 2 1
14 24 7
14 4 23
14 5 58
14 25 149
14 18 25
14 12 139
14 16 4
14 1 19
14 10 122
24 10 320
24 17 6
24 12 18
24 22 5
24 25 8
24 1 4
24 5 1
24 14 7
22 12 112
22 18 49
22 8 10
22 5 54
22 10 98
22 15 18
22 4 18
22 6 101
22 14 48
22 25 68
22 9 50
22 2 137
22 24 5
22 17 37
22 1 128
22 16 9
22 3 32
26 5 934
26 1 156
26 15 1131
26 17 3900
26 18 234
17 15 2910
17 3 40
17 26 3900
17 4 28
17 6 15
17 14 28
17 22 37
17 5 1863
17 2 32
17 10 62
17 7 12
17 9 50
17 25 46
17 12 58
17 24 6
17 1 452
17 18 3061
18 7 84
18 2 226
18 26 234
18 6 98
18 3 282
18 25 46
18 17 3061
18 1 336
18 14 25
18 5 323
18 16 1
18 12 92
18 22 49
18 10 73
18 15 242
18 9 402
18 4 207
19 4 513
19 20 128
19 21 1834
19 1 96
19 16 2456
20 1 12
20 16 304
20 4 64
20 21 224
20 19 128
23 15 1
