*Vertices  8
1 "177" box
2 "182" box
3 "185" box
4 "179" box
5 "430" box
6 "415" box
7 "659" box
8 "756" box
*Edges
1 8 53
1 7 957
1 3 610
4 3 12
4 2 10
2 4 10
2 3 16
3 1 610
3 2 16
3 4 12
3 5 892
3 6 2286
3 7 11103
6 5 2577
6 7 24034
6 3 2286
5 3 892
5 6 2577
5 7 19427
7 1 957
7 3 11103
7 5 19427
7 6 24034
7 8 1857
8 7 1857
8 1 53
