*Vertices  12
1 "177" box
2 "750" box
3 "754" box
4 "1448" box
5 "665" box
6 "1439" box
7 "1977" box
8 "1449" box
9 "2342" box
10 "189" box
11 "249" box
12 "2346" box
*Edges
1 3 342
1 6 125
1 9 34
1 4 786
1 2 410
1 8 2552
1 10 202
1 7 6
10 1 202
10 2 8887
10 7 183
10 11 353
10 5 42
10 6 235
10 3 11111
10 12 2
10 4 2600
10 8 10769
10 9 9518
11 9 85
11 5 10
11 3 307
11 2 286
11 10 353
5 10 42
5 2 11
5 9 3
5 11 10
5 3 20
2 11 286
2 3 10790
2 6 214
2 1 410
2 5 11
2 12 2
2 4 3317
2 8 13027
2 10 8887
2 9 4412
2 7 167
3 1 342
3 9 4675
3 5 20
3 7 360
3 10 11111
3 6 204
3 4 5618
3 2 10790
3 12 1
3 11 307
3 8 17048
6 8 2592
6 7 1
6 10 235
6 1 125
6 9 153
6 3 204
6 4 1457
6 2 214
4 3 5618
4 2 3317
4 8 31109
4 9 491
4 1 786
4 6 1457
4 10 2600
4 7 81
8 10 10769
8 1 2552
8 12 1
8 4 31109
8 6 2592
8 3 17048
8 7 246
8 2 13027
8 9 1331
7 9 15
7 3 360
7 1 6
7 8 246
7 6 1
7 10 183
7 4 81
7 2 167
9 1 34
9 10 9518
9 6 153
9 8 1331
9 11 85
9 4 491
9 2 4412
9 5 3
9 7 15
9 3 4675
12 2 2
12 8 1
12 10 2
12 3 1
