*Vertices  32
1 "177" box
2 "179" box
3 "182" box
4 "185" box
5 "189" box
6 "193" box
7 "197" box
8 "319" box
9 "249" box
10 "659" box
11 "245" box
12 "663" box
13 "665" box
14 "247" box
15 "668" box
16 "411" box
17 "670" box
18 "724" box
19 "693" box
20 "738" box
21 "443" box
22 "1448" box
23 "1449" box
24 "1644" box
25 "1645" box
26 "413" box
27 "1439" box
28 "1702" box
29 "756" box
30 "234" box
31 "1445" box
32 "1456" box
*Edges
1 13 135
1 5 1991
1 29 4
1 4 1687
1 21 346
1 27 128
1 23 664
1 26 183
1 2 734
1 7 1378
1 17 392
1 18 19
1 30 57
1 6 543
1 25 222
1 31 156
1 32 4
1 9 1778
1 10 297
1 14 768
1 8 115
1 3 1240
1 19 1141
1 12 679
1 22 876
1 16 312
1 20 73
1 11 74
1 15 4
1 24 271
2 27 137
2 23 372
2 14 2648
2 12 240
2 19 775
2 18 1
2 13 79
2 15 1
2 4 3211
2 1 734
2 30 184
2 16 179
2 6 601
2 5 1979
2 17 219
2 10 49
2 8 637
2 7 5172
2 11 219
2 9 3272
2 3 5551
2 22 32
3 13 120
3 15 197
3 22 58
3 7 7248
3 10 88
3 19 1399
3 16 322
3 27 51
3 23 671
3 14 3529
3 8 1051
3 30 273
3 4 4351
3 17 388
3 2 5551
3 5 2748
3 11 337
3 1 1240
3 9 4834
3 6 670
3 12 60
4 3 4351
4 13 201
4 12 1505
4 17 396
4 22 54
4 7 5295
4 26 1281
4 9 3481
4 27 21
4 5 3426
4 25 1554
4 23 644
4 6 2343
4 30 275
4 21 2086
4 1 1687
4 20 463
4 11 293
4 8 178
4 18 26
4 14 2772
4 10 111
4 19 1324
4 24 1906
4 16 388
4 15 1
4 2 3211
5 19 25458
5 29 1
5 13 1455
5 32 34
5 12 24022
5 23 11904
5 9 4197
5 7 3469
5 6 386
5 18 131
5 28 165
5 1 1991
5 21 5
5 8 66
5 11 190
5 27 122
5 4 3426
5 31 1558
5 17 648
5 30 52
5 16 391
5 2 1979
5 10 134
5 3 2748
5 22 7475
5 20 6
5 14 1889
6 22 15
6 8 86
6 20 7
6 1 543
6 5 386
6 4 2343
6 12 425
6 16 276
6 7 478
6 9 733
6 18 23
6 23 147
6 19 246
6 30 1319
6 2 601
6 3 670
6 10 56
6 13 27
6 11 12
6 27 105
6 21 3
6 14 257
6 17 133
7 3 7248
7 27 16
7 6 478
7 15 35
7 8 474
7 23 889
7 9 4857
7 16 423
7 30 93
7 14 4174
7 5 3469
7 19 1858
7 1 1378
7 2 5172
7 10 115
7 12 74
7 11 437
7 4 5295
7 17 486
7 22 78
7 13 148
30 27 68
30 15 6
30 21 1
30 23 97
30 8 63
30 13 60
30 1 57
30 2 184
30 5 52
30 7 93
30 20 3
30 22 46
30 16 285
30 14 60
30 19 41
30 9 609
30 17 5
30 29 8
30 18 149
30 11 2
30 4 275
30 3 273
30 12 11
30 6 1319
30 10 181
11 30 2
11 16 22
11 9 223
11 6 12
11 23 46
11 10 6
11 8 6
11 22 4
11 17 26
11 7 437
11 2 219
11 4 293
11 13 8
11 12 4
11 5 190
11 14 226
11 1 74
11 19 96
11 3 337
14 19 1090
14 17 278
14 12 42
14 3 3529
14 5 1889
14 1 768
14 7 4174
14 16 247
14 4 2772
14 6 257
14 13 84
14 30 60
14 23 521
14 10 67
14 15 5
14 11 226
14 22 46
14 27 26
14 9 2731
14 2 2648
14 8 220
9 10 703
9 14 2731
9 23 1634
9 1 1778
9 20 59
9 22 157
9 16 1486
9 17 707
9 11 223
9 13 409
9 18 158
9 15 31
9 19 2742
9 30 609
9 21 17
9 4 3481
9 29 59
9 5 4197
9 6 733
9 27 134
9 7 4857
9 3 4834
9 12 1231
9 2 3272
9 8 775
8 5 66
8 16 24
8 6 86
8 1 115
8 17 6
8 15 119
8 19 123
8 22 6
8 4 178
8 14 220
8 9 775
8 10 6
8 3 1051
8 30 63
8 11 6
8 7 474
8 27 10
8 23 57
8 2 637
16 30 285
16 21 27
16 3 322
16 4 388
16 1 312
16 10 450
16 12 35
16 17 16386
16 13 79
16 9 1486
16 2 179
16 6 276
16 7 423
16 22 73
16 11 22
16 5 391
16 27 141
16 23 311
16 19 349
16 20 24
16 18 155
16 14 247
16 29 18
16 8 24
26 24 5532
26 4 1281
26 20 1447
26 1 183
26 21 6501
26 25 4514
21 5 5
21 25 7347
21 12 1
21 30 1
21 6 3
21 18 4
21 4 2086
21 20 2454
21 24 8961
21 10 9
21 27 9
21 9 17
21 26 6501
21 17 1
21 1 346
21 16 27
21 23 1
10 12 32
10 4 111
10 27 125
10 6 56
10 16 450
10 19 89
10 1 297
10 5 134
10 21 9
10 11 6
10 14 67
10 23 145
10 2 49
10 13 15
10 9 703
10 30 181
10 17 23
10 8 6
10 7 115
10 3 88
10 20 10
10 22 80
10 29 530
10 18 168
12 14 42
12 29 4
12 10 32
12 2 240
12 18 208
12 22 2
12 16 35
12 17 25
12 27 13
12 23 33
12 3 60
12 6 425
12 11 4
12 21 1
12 19 14
12 1 679
12 9 1231
12 7 74
12 20 5
12 5 24022
12 30 11
12 13 2278
12 4 1505
13 3 120
13 30 60
13 14 84
13 23 38
13 6 27
13 7 148
13 12 2278
13 16 79
13 18 15
13 20 1
13 5 1455
13 17 45
13 4 201
13 11 8
13 2 79
13 22 1
13 27 9
13 9 409
13 1 135
13 10 15
13 19 28
15 2 1
15 9 31
15 4 1
15 8 119
15 14 5
15 7 35
15 3 197
15 27 6
15 1 4
15 30 6
17 19 203
17 21 1
17 27 7
17 2 219
17 1 392
17 12 25
17 16 16386
17 8 6
17 3 388
17 14 278
17 6 133
17 22 5
17 5 648
17 10 23
17 9 707
17 20 3
17 4 396
17 11 26
17 23 111
17 30 5
17 13 45
17 7 486
19 32 29
19 23 11472
19 12 14
19 7 1858
19 27 57
19 11 96
19 13 28
19 3 1399
19 17 203
19 4 1324
19 2 775
19 8 123
19 1 1141
19 14 1090
19 6 246
19 9 2742
19 28 208
19 22 5998
19 31 1131
19 16 349
19 10 89
19 5 25458
19 30 41
18 1 19
18 23 56
18 4 26
18 5 131
18 12 208
18 2 1
18 6 23
18 9 158
18 21 4
18 10 168
18 27 48
18 16 155
18 29 7
18 30 149
18 13 15
18 22 28
20 24 1990
20 27 7
20 22 1
20 5 6
20 23 12
20 9 59
20 12 5
20 21 2454
20 26 1447
20 30 3
20 6 7
20 10 10
20 1 73
20 13 1
20 25 1636
20 4 463
20 16 24
20 17 3
29 1 4
29 18 7
29 30 8
29 16 18
29 27 5
29 10 530
29 12 4
29 22 6
29 23 2
29 5 1
29 9 59
27 2 137
27 5 122
27 22 59
27 4 21
27 9 134
27 14 26
27 18 48
27 23 68
27 19 57
27 15 6
27 7 16
27 29 5
27 21 9
27 1 128
27 17 7
27 10 125
27 28 2
27 6 105
27 30 68
27 16 141
27 20 7
27 8 10
27 3 51
27 12 13
27 13 9
31 1 156
31 32 39
31 22 7956
31 5 1558
31 23 1053
31 19 1131
22 7 78
22 1 876
22 32 204
22 12 2
22 19 5998
22 20 1
22 10 80
22 23 9347
22 17 5
22 14 46
22 2 32
22 6 15
22 8 6
22 11 4
22 13 1
22 30 46
22 5 7475
22 4 54
22 9 157
22 3 58
22 29 6
22 16 73
22 31 7956
22 27 59
22 18 28
23 20 12
23 5 11904
23 14 521
23 17 111
23 6 147
23 13 38
23 27 68
23 29 2
23 16 311
23 10 145
23 12 33
23 18 56
23 11 46
23 9 1634
23 7 889
23 1 664
23 28 92
23 30 97
23 31 1053
23 3 671
23 8 57
23 21 1
23 32 27
23 4 644
23 19 11472
23 2 372
23 22 9347
32 5 34
32 31 39
32 23 27
32 22 204
32 19 29
32 1 4
24 26 5532
24 4 1906
24 25 6667
24 20 1990
24 21 8961
24 1 271
25 20 1636
25 21 7347
25 1 222
25 24 6667
25 26 4514
25 4 1554
28 23 92
28 27 2
28 5 165
28 19 208
