*Vertices  16
1 "177" box
2 "189" box
3 "234" box
4 "193" box
5 "663" box
6 "411" box
7 "670" box
8 "693" box
9 "249" box
10 "443" box
11 "1439" box
12 "1445" box
13 "1448" box
14 "1449" box
15 "665" box
16 "1456" box
*Edges
1 4 674
1 2 2697
1 7 122
1 3 28
1 9 8
1 15 124
1 13 1100
1 8 339
1 6 23
1 14 181
1 16 64
1 12 2840
1 11 748
2 7 91
2 6 10
2 12 16931
2 13 21343
2 5 18
2 15 177
2 14 2950
2 11 4839
2 8 6703
2 9 12
2 16 888
2 1 2697
4 3 112766
4 3 15524
4 1 674
3 3 7205
3 7 2
3 3 7205
3 1 28
3 4 15524
3 4 112766
9 1 8
9 5 1
9 6 1
9 15 13
9 2 12
6 7 155
6 9 1
6 15 9
6 2 10
6 11 25
6 1 23
5 2 18
5 15 8
5 9 1
15 5 8
15 9 13
15 7 6
15 6 9
15 2 177
15 1 124
7 3 2
7 2 91
7 1 122
7 11 155
7 6 155
7 15 6
8 12 3549
8 16 188
8 2 6703
8 1 339
8 14 756
8 13 5969
8 11 796
11 2 4839
11 8 796
11 1 748
11 12 14413
11 14 907
11 16 264
11 6 25
11 13 4342
11 7 155
12 13 21447
12 14 5161
12 11 14413
12 8 3549
12 16 1526
12 2 16931
12 1 2840
13 12 21447
13 8 5969
13 14 4929
13 11 4342
13 2 21343
13 16 1403
13 1 1100
14 11 907
14 13 4929
14 12 5161
14 16 263
14 1 181
14 2 2950
14 8 756
16 2 888
16 14 263
16 1 64
16 13 1403
16 8 188
16 12 1526
16 11 264
