*Vertices  41
1 "177" box
2 "179" box
3 "182" box
4 "185" box
5 "189" box
6 "193" box
7 "197" box
8 "251" box
9 "319" box
10 "249" box
11 "659" box
12 "245" box
13 "663" box
14 "665" box
15 "247" box
16 "430" box
17 "668" box
18 "411" box
19 "670" box
20 "671" box
21 "721" box
22 "724" box
23 "693" box
24 "738" box
25 "750" box
26 "754" box
27 "765" box
28 "412" box
29 "443" box
30 "1448" box
31 "1449" box
32 "610" box
33 "1644" box
34 "1645" box
35 "413" box
36 "1439" box
37 "1702" box
38 "756" box
39 "234" box
40 "1445" box
41 "1456" box
*Edges
1 3 1286
1 18 635
1 35 195
1 9 187
1 32 135
1 26 8
1 33 403
1 19 563
1 7 2545
1 29 543
1 22 19
1 23 1629
1 25 267
1 28 54
1 41 76
1 16 121
1 13 754
1 5 2902
1 6 628
1 12 74
1 2 734
1 38 4
1 31 670
1 30 876
1 10 1778
1 11 550
1 21 21
1 34 222
1 40 156
1 39 57
1 24 124
1 15 1274
1 4 1762
1 17 47
1 14 145
1 27 1
1 36 128
1 8 597
2 12 219
2 31 372
2 23 1195
2 19 335
2 18 852
2 15 5240
2 20 2
2 11 110
2 8 1909
2 36 137
2 30 32
2 7 9227
2 14 79
2 1 734
2 25 400
2 3 5674
2 6 601
2 32 84
2 9 889
2 17 1
2 13 277
2 39 184
2 5 2588
2 26 16
2 16 52
2 22 1
2 21 7
2 10 3272
2 4 3230
3 2 5674
3 8 2745
3 23 2231
3 4 4523
3 20 7
3 18 1593
3 32 88
3 19 615
3 9 1360
3 26 30
3 11 122
3 5 3880
3 17 222
3 30 60
3 1 1286
3 36 54
3 7 13380
3 25 750
3 31 694
3 6 685
3 14 124
3 12 350
3 39 274
3 13 92
3 15 6621
3 16 61
3 10 4969
4 12 293
4 33 2831
4 21 49
4 24 820
4 34 1554
4 9 257
4 25 727
4 18 1583
4 7 10150
4 23 2042
4 2 3230
4 5 4428
4 19 601
4 30 54
4 26 35
4 14 202
4 1 1762
4 31 644
4 11 7030
4 29 3533
4 13 1679
4 8 2126
4 32 1406
4 3 4523
4 36 21
4 22 26
4 16 3028
4 10 3481
4 15 4792
4 35 1365
4 39 310
4 6 2828
4 17 1
5 15 4277
5 1 2902
5 7 8939
5 22 165
5 13 26602
5 24 6
5 21 823
5 40 3469
5 38 25
5 10 5814
5 28 415
5 39 108
5 8 2058
5 3 3880
5 36 126
5 6 406
5 29 5
5 9 115
5 18 1761
5 25 15494
5 16 109
5 2 2588
5 26 3442
5 23 40297
5 30 17648
5 19 1433
5 4 4428
5 14 1570
5 11 354
5 37 165
5 31 16512
5 12 257
5 41 1588
6 32 1817
6 26 20
6 18 693
6 39 1569
6 2 601
6 16 12
6 10 751
6 11 85
6 28 34
6 13 475
6 22 23
6 9 112
6 7 696
6 12 12
6 27 1
6 8 160
6 1 628
6 3 685
6 19 213
6 21 14
6 29 3
6 5 406
6 4 2828
6 20 191
6 25 288
6 30 15
6 14 32
6 15 483
6 24 7
6 36 107
6 23 378
6 31 147
7 25 1851
7 5 8939
7 18 3897
7 8 6106
7 9 971
7 39 134
7 30 148
7 19 1346
7 11 278
7 23 5379
7 6 696
7 1 2545
7 14 260
7 3 13380
7 10 8546
7 31 1666
7 12 857
7 36 34
7 32 11
7 17 48
7 15 13791
7 26 74
7 4 10150
7 16 141
7 2 9227
7 20 4
7 13 204
39 9 81
39 36 68
39 7 134
39 10 609
39 6 1569
39 15 90
39 38 8
39 31 97
39 26 8
39 17 6
39 8 64
39 16 26
39 22 149
39 25 419
39 20 34
39 21 11
39 2 184
39 13 14
39 19 8
39 3 274
39 30 46
39 14 65
39 23 63
39 1 57
39 5 108
39 24 3
39 32 212
39 29 1
39 12 2
39 18 518
39 11 237
39 4 310
12 13 6
12 16 4
12 39 2
12 6 12
12 26 2
12 1 74
12 9 10
12 25 50
12 3 350
12 23 148
12 7 857
12 10 223
12 31 46
12 8 179
12 14 8
12 5 257
12 4 293
12 2 219
12 15 386
12 11 8
12 19 40
12 18 106
12 30 4
15 8 2922
15 36 58
15 17 136
15 10 4659
15 39 90
15 6 483
15 31 877
15 13 107
15 5 4277
15 1 1274
15 3 6621
15 25 975
15 19 706
15 9 549
15 26 39
15 14 136
15 23 2831
15 11 146
15 2 5240
15 32 45
15 16 73
15 30 78
15 18 2052
15 4 4792
15 7 13791
15 20 13
15 12 386
10 19 1093
10 2 3272
10 30 157
10 23 4226
10 22 158
10 12 223
10 5 5814
10 24 59
10 15 4659
10 7 8546
10 11 1165
10 16 147
10 1 1778
10 14 487
10 13 1453
10 18 4659
10 9 1050
10 20 4
10 36 134
10 6 751
10 17 36
10 26 92
10 4 3481
10 21 73
10 29 40
10 25 2242
10 31 1634
10 8 2019
10 38 70
10 3 4969
10 32 1
10 39 609
8 39 64
8 19 340
8 2 1909
8 7 6106
8 31 391
8 5 2058
8 25 425
8 9 214
8 6 160
8 12 179
8 10 2019
8 3 2745
8 4 2126
8 36 18
8 13 51
8 20 8
8 15 2922
8 11 68
8 32 31
8 26 17
8 30 34
8 1 597
8 14 68
8 18 901
8 16 34
8 23 1258
9 10 1050
9 31 95
9 5 115
9 26 5
9 12 10
9 6 112
9 17 3411
9 15 549
9 13 5
9 23 315
9 11 10
9 39 81
9 4 257
9 20 8
9 30 10
9 36 14
9 2 889
9 3 1360
9 19 25
9 25 125
9 16 5
9 8 214
9 32 36
9 1 187
9 7 971
9 18 250
18 25 2398
18 14 187
18 8 901
18 28 7593
18 24 48
18 11 1450
18 6 693
18 39 518
18 16 167
18 29 48
18 7 3897
18 38 66
18 13 378
18 31 1237
18 1 635
18 12 106
18 5 1761
18 26 125
18 19 39651
18 3 1593
18 27 223
18 9 250
18 21 64
18 15 2052
18 22 252
18 30 236
18 36 252
18 2 852
18 23 3187
18 4 1583
18 10 4659
28 27 34
28 19 6019
28 18 7593
28 5 415
28 1 54
28 11 34
28 23 145
28 40 195
28 30 1020
28 31 140
28 6 34
28 41 95
35 33 8752
35 34 4810
35 4 1365
35 29 10992
35 1 195
35 24 2640
16 19 21
16 8 34
16 3 61
16 23 78
16 1 121
16 29 1
16 39 26
16 11 18272
16 26 5
16 13 6
16 6 12
16 36 17
16 14 4
16 5 109
16 18 167
16 31 32
16 15 73
16 30 16
16 24 1
16 10 147
16 4 3028
16 2 52
16 38 77
16 22 16
16 25 122
16 7 141
16 12 4
16 9 5
29 24 6621
29 19 1
29 26 4
29 5 5
29 1 543
29 34 12009
29 25 15
29 33 21763
29 31 3
29 35 10992
29 6 3
29 14 1
29 18 48
29 39 1
29 36 9
29 10 40
29 4 3533
29 13 3
29 11 23
29 16 1
29 22 4
32 4 1406
32 9 36
32 10 1
32 7 11
32 1 135
32 20 296
32 2 84
32 3 88
32 36 50
32 39 212
32 8 31
32 15 45
32 6 1817
11 39 237
11 4 7030
11 16 18272
11 1 550
11 25 946
11 29 23
11 31 212
11 14 53
11 38 667
11 18 1450
11 8 68
11 15 146
11 10 1165
11 21 4
11 30 93
11 28 34
11 5 354
11 13 81
11 36 169
11 24 26
11 7 278
11 9 10
11 2 110
11 26 34
11 3 122
11 6 85
11 27 1
11 19 230
11 23 148
11 12 8
11 22 199
13 8 51
13 10 1453
13 21 1589
13 38 4
13 7 204
13 5 26602
13 25 173
13 24 8
13 15 107
13 12 6
13 16 6
13 29 3
13 18 378
13 9 5
13 31 63
13 3 92
13 23 86
13 1 754
13 11 81
13 19 43
13 14 2519
13 39 14
13 26 41
13 22 229
13 2 277
13 30 5
13 6 475
13 36 17
13 4 1679
14 3 124
14 2 79
14 24 4
14 36 19
14 29 1
14 8 68
14 26 2
14 1 145
14 23 44
14 10 487
14 39 65
14 5 1570
14 15 136
14 7 260
14 21 84
14 25 22
14 30 2
14 18 187
14 11 53
14 6 32
14 12 8
14 16 4
14 19 62
14 22 22
14 4 202
14 13 2519
14 31 56
17 15 136
17 2 1
17 10 36
17 36 6
17 7 48
17 9 3411
17 39 6
17 1 47
17 3 222
17 4 1
19 10 1093
19 3 615
19 24 3
19 9 25
19 6 213
19 1 563
19 11 230
19 36 21
19 4 601
19 30 11
19 2 335
19 13 43
19 26 9
19 7 1346
19 31 193
19 28 6019
19 27 176
19 15 706
19 25 145
19 18 39651
19 39 8
19 23 787
19 5 1433
19 12 40
19 16 21
19 29 1
19 8 340
19 14 62
19 37 1
20 15 13
20 32 296
20 36 18
20 7 4
20 2 2
20 10 4
20 8 8
20 3 7
20 9 8
20 6 191
20 39 34
23 19 787
23 16 78
23 1 1629
23 31 16266
23 18 3187
23 37 232
23 40 1131
23 9 315
23 5 40297
23 25 1698
23 13 86
23 8 1258
23 2 1195
23 41 563
23 15 2831
23 30 6042
23 36 81
23 11 148
23 6 378
23 39 63
23 12 148
23 26 99
23 4 2042
23 3 2231
23 28 145
23 14 44
23 10 4226
23 7 5379
21 13 1589
21 11 4
21 25 45
21 2 7
21 1 21
21 36 5
21 10 73
21 39 11
21 38 2
21 14 84
21 5 823
21 6 14
21 31 4
21 4 49
21 22 13
21 18 64
22 1 19
22 31 56
22 16 16
22 11 199
22 4 26
22 29 4
22 26 3
22 2 1
22 36 48
22 38 8
22 10 158
22 21 13
22 25 305
22 30 28
22 18 252
22 6 23
22 5 165
22 39 149
22 14 22
22 13 229
24 11 26
24 5 6
24 29 6621
24 25 15
24 16 1
24 39 3
24 14 4
24 4 820
24 31 12
24 33 5246
24 35 2640
24 18 48
24 26 4
24 34 2895
24 10 59
24 6 7
24 19 3
24 13 8
24 36 7
24 1 124
24 30 1
25 22 305
25 1 267
25 4 727
25 6 288
25 7 1851
25 26 4345
25 3 750
25 38 137
25 12 50
25 21 45
25 15 975
25 11 946
25 16 122
25 13 173
25 2 400
25 39 419
25 24 15
25 31 22529
25 29 15
25 5 15494
25 36 143
25 14 22
25 30 1444
25 10 2242
25 9 125
25 23 1698
25 8 425
25 19 145
25 18 2398
26 23 99
26 19 9
26 10 92
26 11 34
26 6 20
26 22 3
26 12 2
26 1 8
26 13 41
26 7 74
26 24 4
26 30 18
26 2 16
26 25 4345
26 18 125
26 39 8
26 36 12
26 3 30
26 4 35
26 9 5
26 15 39
26 14 2
26 29 4
26 16 5
26 5 3442
26 31 294
26 8 17
38 31 2
38 5 25
38 25 137
38 22 8
38 36 5
38 13 4
38 1 4
38 18 66
38 10 70
38 11 667
38 30 6
38 21 2
38 16 77
38 39 8
27 28 34
27 6 1
27 19 176
27 18 223
27 1 1
27 11 1
36 22 48
36 24 7
36 5 126
36 25 143
36 3 54
36 9 14
36 4 21
36 2 137
36 17 6
36 8 18
36 10 134
36 19 21
36 21 5
36 38 5
36 15 58
36 1 128
36 11 169
36 29 9
36 7 34
36 26 12
36 13 17
36 18 252
36 14 19
36 20 18
36 30 59
36 31 68
36 32 50
36 6 107
36 37 2
36 23 81
36 39 68
36 16 17
40 5 3469
40 28 195
40 1 156
40 41 741
40 23 1131
40 30 7956
40 31 1092
30 24 1
30 13 5
30 5 17648
30 39 46
30 4 54
30 8 34
30 1 876
30 40 7956
30 23 6042
30 38 6
30 28 1020
30 2 32
30 41 3876
30 22 28
30 31 9579
30 16 16
30 3 60
30 9 10
30 12 4
30 25 1444
30 18 236
30 19 11
30 11 93
30 36 59
30 26 18
30 10 157
30 15 78
30 7 148
30 6 15
30 14 2
31 12 46
31 39 97
31 29 3
31 3 694
31 28 140
31 5 16512
31 38 2
31 16 32
31 23 16266
31 25 22529
31 6 147
31 19 193
31 8 391
31 24 12
31 9 95
31 15 877
31 21 4
31 2 372
31 1 670
31 10 1634
31 30 9579
31 18 1237
31 37 92
31 26 294
31 14 56
31 36 68
31 11 212
31 40 1092
31 22 56
31 7 1666
31 41 532
31 13 63
31 4 644
41 5 1588
41 30 3876
41 23 563
41 1 76
41 28 95
41 31 532
41 40 741
33 29 21763
33 1 403
33 34 9923
33 24 5246
33 4 2831
33 35 8752
34 29 12009
34 24 2895
34 4 1554
34 35 4810
34 33 9923
34 1 222
37 36 2
37 23 232
37 19 1
37 5 165
37 31 92
