*Vertices  40
1 "177" box
2 "179" box
3 "182" box
4 "185" box
5 "189" box
6 "193" box
7 "197" box
8 "251" box
9 "319" box
10 "249" box
11 "659" box
12 "245" box
13 "663" box
14 "665" box
15 "247" box
16 "430" box
17 "668" box
18 "411" box
19 "670" box
20 "721" box
21 "724" box
22 "693" box
23 "738" box
24 "750" box
25 "754" box
26 "765" box
27 "412" box
28 "443" box
29 "1448" box
30 "1449" box
31 "610" box
32 "1644" box
33 "1645" box
34 "413" box
35 "1439" box
36 "1702" box
37 "756" box
38 "234" box
39 "1445" box
40 "1456" box
*Edges
1 13 754
1 24 267
1 40 76
1 4 1762
1 37 4
1 28 543
1 12 74
1 22 1593
1 17 47
1 18 601
1 21 19
1 2 734
1 6 626
1 11 488
1 10 1778
1 19 560
1 34 195
1 14 145
1 23 124
1 30 670
1 26 1
1 3 1286
1 32 403
1 31 100
1 35 128
1 20 21
1 33 222
1 16 121
1 5 2874
1 8 461
1 15 1274
1 25 7
1 27 39
1 29 876
1 38 57
1 7 2477
1 39 156
1 9 168
2 17 1
2 1 734
2 4 3230
2 7 9040
2 3 5674
2 6 601
2 35 137
2 12 219
2 22 1163
2 15 5240
2 8 1571
2 11 85
2 21 1
2 18 772
2 31 42
2 25 16
2 19 335
2 10 3272
2 20 7
2 29 32
2 38 184
2 30 372
2 14 79
2 9 889
2 13 277
2 5 2588
2 24 400
2 16 52
3 17 222
3 38 274
3 24 750
3 18 1443
3 25 30
3 6 685
3 1 1286
3 2 5674
3 22 2171
3 4 4523
3 16 61
3 29 60
3 30 694
3 5 3880
3 8 2194
3 11 91
3 7 13103
3 35 54
3 31 62
3 10 4969
3 9 1360
3 12 350
3 13 92
3 14 124
3 15 6621
3 19 615
4 7 9913
4 11 5735
4 34 1365
4 30 644
4 6 2828
4 17 1
4 20 49
4 16 3028
4 1 1762
4 23 820
4 3 4523
4 29 54
4 24 727
4 15 4792
4 22 1988
4 32 2831
4 35 21
4 28 3533
4 5 4428
4 9 257
4 38 310
4 21 26
4 12 293
4 25 35
4 14 202
4 18 1448
4 8 1657
4 13 1679
4 19 601
4 31 1041
4 10 3481
4 33 1554
4 2 3230
5 28 5
5 13 26602
5 29 16220
5 1 2874
5 7 8705
5 19 1433
5 20 823
5 35 126
5 14 1570
5 16 109
5 39 3196
5 6 406
5 15 4277
5 2 2588
5 21 165
5 11 265
5 10 5814
5 4 4428
5 18 1645
5 22 39145
5 9 115
5 8 1590
5 38 108
5 23 6
5 30 16316
5 37 21
5 25 1954
5 27 152
5 40 1455
5 24 15215
5 12 257
5 36 165
5 3 3880
6 8 136
6 22 366
6 26 1
6 21 23
6 2 601
6 18 654
6 28 3
6 27 31
6 11 76
6 14 32
6 4 2828
6 3 685
6 19 210
6 10 751
6 9 112
6 35 107
6 24 288
6 29 15
6 16 12
6 12 12
6 7 682
6 23 7
6 1 626
6 31 1367
6 25 20
6 15 483
6 38 1563
6 20 14
6 30 147
6 13 475
6 5 406
7 11 207
7 3 13103
7 30 1620
7 4 9913
7 6 682
7 25 72
7 19 1306
7 8 4662
7 31 5
7 15 13471
7 10 8323
7 13 198
7 35 32
7 12 837
7 5 8705
7 1 2477
7 24 1801
7 29 144
7 2 9040
7 22 5087
7 17 48
7 18 3431
7 38 132
7 14 252
7 9 960
7 16 137
38 4 310
38 30 97
38 11 218
38 5 108
38 7 132
38 8 60
38 12 2
38 10 609
38 15 90
38 23 3
38 20 11
38 6 1563
38 25 8
38 2 184
38 18 511
38 3 274
38 19 8
38 35 68
38 21 149
38 9 81
38 29 46
38 22 61
38 17 6
38 28 1
38 13 14
38 16 26
38 24 419
38 14 65
38 31 160
38 37 8
38 1 57
12 5 257
12 15 386
12 1 74
12 14 8
12 38 2
12 3 350
12 30 46
12 29 4
12 4 293
12 22 144
12 7 837
12 9 10
12 13 6
12 2 219
12 10 223
12 8 139
12 19 40
12 25 2
12 24 50
12 11 6
12 6 12
12 18 96
12 16 4
15 10 4659
15 31 15
15 25 39
15 35 58
15 9 549
15 22 2753
15 19 706
15 24 975
15 6 483
15 5 4277
15 30 877
15 4 4792
15 13 107
15 18 1857
15 1 1274
15 12 386
15 7 13471
15 2 5240
15 29 78
15 16 73
15 38 90
15 17 136
15 14 136
15 11 112
15 3 6621
15 8 2309
10 29 157
10 2 3272
10 21 158
10 37 59
10 13 1453
10 9 1050
10 3 4969
10 20 73
10 11 1051
10 38 609
10 14 487
10 25 91
10 22 4110
10 15 4659
10 23 59
10 30 1634
10 24 2242
10 7 8323
10 19 1093
10 28 40
10 35 134
10 16 147
10 1 1778
10 6 751
10 8 1574
10 4 3481
10 18 4358
10 12 223
10 5 5814
10 17 36
8 30 299
8 14 52
8 1 461
8 6 136
8 29 26
8 9 194
8 18 624
8 31 6
8 25 13
8 10 1574
8 35 18
8 2 1571
8 11 39
8 3 2194
8 7 4662
8 5 1590
8 12 139
8 22 936
8 38 60
8 16 26
8 15 2309
8 13 39
8 4 1657
8 19 260
8 24 325
9 17 2556
9 31 23
9 24 125
9 3 1360
9 15 549
9 29 10
9 8 194
9 25 5
9 10 1050
9 35 14
9 5 115
9 13 5
9 1 168
9 19 25
9 18 225
9 7 960
9 4 257
9 11 10
9 6 112
9 38 81
9 16 5
9 12 10
9 2 889
9 30 95
9 22 305
18 35 248
18 38 511
18 21 252
18 20 64
18 29 225
18 30 1135
18 37 47
18 10 4358
18 16 162
18 26 216
18 25 119
18 3 1443
18 2 772
18 1 601
18 14 185
18 7 3431
18 11 1325
18 13 369
18 27 6705
18 12 96
18 19 37745
18 15 1857
18 5 1645
18 8 624
18 23 47
18 24 2269
18 4 1448
18 6 654
18 28 48
18 22 2782
18 9 225
27 30 56
27 39 78
27 29 408
27 26 31
27 5 152
27 22 58
27 11 31
27 1 39
27 18 6705
27 19 5396
27 6 31
27 40 38
34 23 2640
34 1 195
34 28 10992
34 32 8752
34 33 4810
34 4 1365
16 10 147
16 11 17144
16 23 1
16 30 32
16 5 109
16 4 3028
16 37 77
16 13 6
16 28 1
16 19 21
16 7 137
16 24 122
16 6 12
16 18 162
16 21 16
16 2 52
16 9 5
16 22 76
16 25 5
16 14 4
16 15 73
16 12 4
16 3 61
16 29 16
16 35 17
16 38 26
16 8 26
16 1 121
28 10 40
28 14 1
28 38 1
28 19 1
28 33 12009
28 18 48
28 23 6611
28 4 3533
28 21 4
28 30 3
28 32 21763
28 34 10992
28 11 22
28 25 4
28 5 5
28 24 15
28 6 3
28 13 3
28 16 1
28 35 9
28 1 543
31 15 15
31 8 6
31 7 5
31 35 36
31 6 1367
31 4 1041
31 1 100
31 3 62
31 38 160
31 9 23
31 2 42
11 6 76
11 18 1325
11 22 133
11 14 49
11 12 6
11 24 853
11 23 25
11 38 218
11 16 17144
11 4 5735
11 10 1051
11 3 91
11 27 31
11 7 207
11 19 211
11 20 4
11 25 29
11 29 90
11 15 112
11 21 178
11 37 632
11 8 39
11 2 85
11 13 78
11 9 10
11 26 1
11 1 488
11 5 265
11 30 199
11 28 22
11 35 157
13 19 43
13 14 2519
13 20 1589
13 1 754
13 35 17
13 8 39
13 5 26602
13 29 5
13 10 1453
13 28 3
13 3 92
13 22 84
13 30 63
13 7 198
13 18 369
13 16 6
13 9 5
13 4 1679
13 37 4
13 12 6
13 38 14
13 15 107
13 6 475
13 21 229
13 23 8
13 25 25
13 2 277
13 11 78
13 24 170
14 18 185
14 13 2519
14 2 79
14 12 8
14 23 4
14 8 52
14 20 84
14 24 22
14 29 2
14 21 22
14 16 4
14 6 32
14 10 487
14 19 62
14 25 2
14 38 65
14 4 202
14 15 136
14 22 44
14 11 49
14 35 19
14 30 56
14 5 1570
14 3 124
14 28 1
14 1 145
14 7 252
17 7 48
17 10 36
17 2 1
17 1 47
17 9 2556
17 3 222
17 4 1
17 15 136
17 38 6
17 35 6
19 22 742
19 3 615
19 36 1
19 4 601
19 26 173
19 6 210
19 28 1
19 35 21
19 8 260
19 25 9
19 12 40
19 24 145
19 11 211
19 13 43
19 18 37745
19 23 3
19 2 335
19 1 560
19 7 1306
19 30 193
19 29 11
19 15 706
19 38 8
19 9 25
19 5 1433
19 10 1093
19 16 21
19 27 5396
19 14 62
22 2 1163
22 36 231
22 7 5087
22 18 2782
22 39 1131
22 3 2171
22 38 61
22 27 58
22 5 39145
22 9 305
22 24 1645
22 29 6038
22 6 366
22 15 2753
22 25 81
22 13 84
22 40 563
22 11 133
22 12 144
22 14 44
22 8 936
22 30 15864
22 35 69
22 4 1988
22 16 76
22 19 742
22 1 1593
22 10 4110
20 5 823
20 18 64
20 35 5
20 6 14
20 1 21
20 10 73
20 24 45
20 11 4
20 21 13
20 13 1589
20 4 49
20 38 11
20 30 4
20 2 7
20 14 84
21 37 7
21 30 56
21 25 3
21 2 1
21 1 19
21 11 178
21 38 149
21 29 28
21 5 165
21 6 23
21 24 305
21 28 4
21 18 252
21 14 22
21 13 229
21 10 158
21 35 48
21 4 26
21 20 13
21 16 16
23 13 8
23 5 6
23 14 4
23 29 1
23 38 3
23 1 124
23 16 1
23 18 47
23 24 15
23 30 12
23 11 25
23 25 4
23 19 3
23 32 5246
23 28 6611
23 33 2895
23 10 59
23 6 7
23 35 7
23 4 820
23 34 2640
24 35 143
24 1 267
24 2 400
24 29 1444
24 20 45
24 19 145
24 37 116
24 14 22
24 5 15215
24 3 750
24 18 2269
24 6 288
24 12 50
24 38 419
24 7 1801
24 13 170
24 11 853
24 9 125
24 15 975
24 28 15
24 25 2466
24 4 727
24 10 2242
24 22 1645
24 23 15
24 21 305
24 8 325
24 30 22529
24 16 122
25 28 4
25 22 81
25 16 5
25 4 35
25 29 16
25 2 16
25 13 25
25 5 1954
25 21 3
25 23 4
25 14 2
25 1 7
25 18 119
25 3 30
25 24 2466
25 38 8
25 6 20
25 9 5
25 10 91
25 11 29
25 8 13
25 7 72
25 12 2
25 15 39
25 19 9
25 35 12
25 30 288
37 38 8
37 29 6
37 11 632
37 13 4
37 18 47
37 21 7
37 24 116
37 30 2
37 10 59
37 16 77
37 1 4
37 35 5
37 5 21
26 19 173
26 6 1
26 18 216
26 27 31
26 11 1
26 1 1
35 23 7
35 38 68
35 9 14
35 1 128
35 21 48
35 18 248
35 3 54
35 6 107
35 2 137
35 11 157
35 10 134
35 14 19
35 17 6
35 37 5
35 13 17
35 16 17
35 25 12
35 7 32
35 36 2
35 30 68
35 19 21
35 31 36
35 8 18
35 5 126
35 24 143
35 29 59
35 15 58
35 28 9
35 4 21
35 20 5
35 22 69
39 1 156
39 40 741
39 5 3196
39 29 7956
39 22 1131
39 30 1092
39 27 78
29 3 60
29 15 78
29 37 6
29 27 408
29 9 10
29 13 5
29 6 15
29 19 11
29 4 54
29 12 4
29 30 9579
29 10 157
29 11 90
29 16 16
29 8 26
29 38 46
29 40 3876
29 14 2
29 22 6038
29 39 7956
29 1 876
29 18 225
29 7 144
29 35 59
29 25 16
29 23 1
29 21 28
29 2 32
29 5 16220
29 24 1444
30 22 15864
30 7 1620
30 1 670
30 25 288
30 9 95
30 38 97
30 35 68
30 19 193
30 14 56
30 29 9579
30 2 372
30 28 3
30 21 56
30 12 46
30 39 1092
30 10 1634
30 16 32
30 36 92
30 23 12
30 15 877
30 24 22529
30 13 63
30 5 16316
30 11 199
30 8 299
30 3 694
30 6 147
30 37 2
30 40 532
30 20 4
30 27 56
30 18 1135
30 4 644
40 30 532
40 27 38
40 29 3876
40 39 741
40 1 76
40 22 563
40 5 1455
32 1 403
32 23 5246
32 4 2831
32 34 8752
32 28 21763
32 33 9923
33 23 2895
33 1 222
33 34 4810
33 32 9923
33 28 12009
33 4 1554
36 35 2
36 22 231
36 30 92
36 19 1
36 5 165
