*Vertices  30
1 "177" box
2 "179" box
3 "182" box
4 "185" box
5 "189" box
6 "193" box
7 "197" box
8 "319" box
9 "249" box
10 "659" box
11 "245" box
12 "663" box
13 "665" box
14 "247" box
15 "668" box
16 "411" box
17 "670" box
18 "724" box
19 "693" box
20 "443" box
21 "1448" box
22 "1449" box
23 "1644" box
24 "1645" box
25 "413" box
26 "1439" box
27 "1702" box
28 "756" box
29 "234" box
30 "1445" box
*Edges
1 13 30
1 8 12
1 29 57
1 23 136
1 2 734
1 15 2
1 11 74
1 6 444
1 28 4
1 14 250
1 10 243
1 22 424
1 19 832
1 18 19
1 17 138
1 25 174
1 12 411
1 30 156
1 7 701
1 16 212
1 21 764
1 5 1537
1 4 1598
1 3 972
1 9 1634
1 24 123
1 20 322
1 26 128
2 3 3467
2 26 137
2 18 1
2 12 137
2 17 66
2 14 690
2 21 32
2 13 10
2 10 49
2 19 468
2 7 2936
2 6 600
2 8 178
2 22 306
2 1 734
2 11 219
2 29 184
2 16 66
2 4 3188
2 5 1604
2 9 3170
3 2 3467
3 15 46
3 1 972
3 19 700
3 10 73
3 8 119
3 4 3403
3 6 362
3 26 32
3 7 2915
3 29 114
3 17 98
3 14 865
3 21 48
3 11 272
3 22 458
3 9 3235
3 16 98
3 5 1802
4 6 1671
4 25 1160
4 7 2816
4 23 916
4 21 54
4 9 3294
4 29 235
4 14 937
4 22 524
4 18 26
4 5 2728
4 26 21
4 19 799
4 13 70
4 12 959
4 16 146
4 2 3188
4 11 293
4 24 820
4 20 1827
4 3 3403
4 17 116
4 1 1598
4 8 31
4 10 104
5 1 1537
5 2 1604
5 30 934
5 11 153
5 17 183
5 9 3061
5 14 510
5 27 165
5 26 54
5 3 1802
5 4 2728
5 6 287
5 21 3249
5 10 89
5 18 100
5 16 122
5 22 579
5 28 1
5 13 913
5 7 1394
5 19 17821
5 12 12467
5 29 42
6 19 150
6 18 22
6 9 720
6 3 362
6 5 287
6 13 20
6 7 314
6 12 274
6 1 444
6 10 43
6 21 15
6 22 130
6 14 42
6 26 101
6 16 171
6 20 3
6 11 12
6 4 1671
6 29 1092
6 8 32
6 2 600
6 17 94
7 26 2
7 15 20
7 16 74
7 9 2498
7 5 1394
7 19 547
7 14 727
7 8 79
7 21 38
7 10 56
7 11 230
7 4 2816
7 3 2915
7 17 74
7 6 314
7 29 70
7 2 2936
7 1 701
7 22 359
29 4 235
29 7 70
29 6 1092
29 1 57
29 15 2
29 21 46
29 19 25
29 10 137
29 20 1
29 11 2
29 22 53
29 18 149
29 13 33
29 8 20
29 3 114
29 5 42
29 26 68
29 2 184
29 28 8
29 16 166
29 9 609
29 17 2
29 14 7
11 1 74
11 17 8
11 29 2
11 9 211
11 19 58
11 6 12
11 14 82
11 22 38
11 4 293
11 16 8
11 21 4
11 10 6
11 3 272
11 5 153
11 2 219
11 7 230
14 17 28
14 6 42
14 16 28
14 4 937
14 9 737
14 1 250
14 29 7
14 10 21
14 22 133
14 5 510
14 11 82
14 21 14
14 3 865
14 7 727
14 2 690
14 19 203
9 21 157
9 7 2498
9 10 551
9 18 158
9 17 216
9 20 17
9 26 134
9 4 3294
9 14 737
9 28 59
9 2 3170
9 6 720
9 19 1634
9 8 78
9 12 685
9 13 125
9 1 1634
9 3 3235
9 29 609
9 11 211
9 22 1312
9 15 25
9 16 788
9 5 3061
8 6 32
8 15 36
8 2 178
8 9 78
8 4 31
8 3 119
8 26 10
8 29 20
8 7 79
8 1 12
16 18 139
16 5 122
16 26 121
16 22 112
16 17 8140
16 6 171
16 9 788
16 20 25
16 19 58
16 13 6
16 10 313
16 29 166
16 21 60
16 2 66
16 14 28
16 11 8
16 28 18
16 4 146
16 3 98
16 1 212
16 7 74
25 23 2652
25 4 1160
25 1 174
25 20 5635
25 24 2378
20 23 4129
20 25 5635
20 1 322
20 16 25
20 24 3741
20 10 9
20 22 1
20 29 1
20 9 17
20 4 1827
20 26 9
20 18 4
20 6 3
10 21 70
10 19 54
10 7 56
10 6 43
10 20 9
10 9 551
10 22 93
10 1 243
10 5 89
10 18 136
10 26 113
10 28 422
10 29 137
10 17 6
10 2 49
10 4 104
10 16 313
10 3 73
10 14 21
10 11 6
12 2 137
12 18 137
12 5 12467
12 1 411
12 13 1370
12 4 959
12 9 685
12 6 274
13 12 1370
13 6 20
13 29 33
13 18 10
13 16 6
13 9 125
13 4 70
13 2 10
13 5 913
13 1 30
15 7 20
15 1 2
15 9 25
15 29 2
15 3 46
15 26 2
15 8 36
17 6 94
17 14 28
17 16 8140
17 2 66
17 21 4
17 3 98
17 22 38
17 7 74
17 11 8
17 19 72
17 9 216
17 29 2
17 4 116
17 1 138
17 5 183
17 10 6
19 3 700
19 7 547
19 11 58
19 26 34
19 21 5154
19 30 1131
19 17 72
19 14 203
19 29 25
19 2 468
19 4 799
19 5 17821
19 1 832
19 6 150
19 22 919
19 27 173
19 9 1634
19 10 54
19 16 58
18 6 22
18 5 100
18 1 19
18 28 7
18 26 48
18 4 26
18 13 10
18 29 149
18 20 4
18 2 1
18 16 139
18 10 136
18 12 137
18 22 35
18 21 28
18 9 158
28 16 18
28 26 5
28 5 1
28 1 4
28 9 59
28 10 422
28 29 8
28 18 7
28 21 6
26 7 2
26 21 59
26 5 54
26 10 113
26 18 48
26 22 54
26 9 134
26 3 32
26 8 10
26 19 34
26 6 101
26 29 68
26 1 128
26 16 121
26 28 5
26 4 21
26 20 9
26 15 2
26 27 2
26 2 137
30 22 312
30 1 156
30 21 6864
30 5 934
30 19 1131
21 7 38
21 14 14
21 16 60
21 17 4
21 1 764
21 26 59
21 10 70
21 5 3249
21 2 32
21 18 28
21 19 5154
21 30 6864
21 22 4661
21 3 48
21 9 157
21 29 46
21 4 54
21 11 4
21 28 6
21 6 15
22 5 579
22 30 312
22 29 53
22 2 306
22 10 93
22 6 130
22 3 458
22 9 1312
22 19 919
22 26 54
22 17 38
22 21 4661
22 11 38
22 16 112
22 14 133
22 18 35
22 4 524
22 20 1
22 1 424
22 7 359
23 1 136
23 20 4129
23 25 2652
23 4 916
23 24 1845
24 23 1845
24 4 820
24 25 2378
24 1 123
24 20 3741
27 19 173
27 26 2
27 5 165
