*Vertices  11
1 "177" box
2 "189" box
3 "234" box
4 "193" box
5 "411" box
6 "693" box
7 "443" box
8 "1439" box
9 "1445" box
10 "1448" box
11 "1449" box
*Edges
1 11 91
1 3 28
1 4 452
1 8 748
1 9 2840
1 5 17
1 6 338
1 2 2166
1 10 420
2 10 5722
2 1 2166
2 8 3496
2 6 5428
2 9 10059
2 11 560
4 1 452
4 3 43057
3 1 28
3 4 43057
5 1 17
5 8 15
6 2 5428
6 1 338
6 9 3545
6 10 2733
6 11 252
6 8 796
8 9 14413
8 11 477
8 6 796
8 1 748
8 2 3496
8 5 15
8 10 1616
9 1 2840
9 8 14413
9 11 2807
9 6 3545
9 10 8925
9 2 10059
10 6 2733
10 1 420
10 9 8925
10 2 5722
10 8 1616
10 11 895
11 8 477
11 1 91
11 10 895
11 2 560
11 9 2807
11 6 252
