*Vertices  8
1 "430" box
2 "738" box
3 "443" box
4 "1644" box
5 "1645" box
6 "413" box
7 "1652" box
8 "1653" box
*Edges
6 1 81
6 3 524
6 2 154
6 5 53
6 4 304
6 7 43
1 7 13593
1 4 87
1 6 81
1 5 6
1 3 1031
1 2 9
3 4 4202
3 5 497
3 7 354
3 2 1281
3 6 524
3 1 1031
2 3 1281
2 5 216
2 6 154
2 1 9
2 4 1963
4 1 87
4 2 1963
4 7 17
4 6 304
4 5 676
4 3 4202
5 4 676
5 2 216
5 3 497
5 1 6
5 6 53
7 6 43
7 4 17
7 3 354
7 1 13593
7 8 12
8 7 12
