*Vertices  10
1 "177" box
2 "189" box
3 "234" box
4 "193" box
5 "411" box
6 "693" box
7 "443" box
8 "1439" box
9 "1445" box
10 "1448" box
*Edges
1 5 11
1 4 367
1 8 748
1 3 22
1 2 2057
1 10 148
1 9 2840
1 6 334
2 1 2057
2 10 2763
2 9 10040
2 6 5304
2 8 3486
4 1 367
4 3 17043
3 1 22
3 4 17043
5 1 11
5 8 5
6 8 795
6 1 334
6 2 5304
6 9 3544
6 10 1384
8 5 5
8 6 795
8 10 328
8 1 748
8 9 14413
8 2 3486
9 10 1256
9 1 2840
9 2 10040
9 6 3544
9 8 14413
10 1 148
10 2 2763
10 6 1384
10 9 1256
10 8 328
