*Vertices  42
1 "177" box
2 "179" box
3 "182" box
4 "185" box
5 "189" box
6 "193" box
7 "197" box
8 "251" box
9 "319" box
10 "249" box
11 "659" box
12 "245" box
13 "663" box
14 "665" box
15 "247" box
16 "430" box
17 "668" box
18 "411" box
19 "670" box
20 "671" box
21 "415" box
22 "721" box
23 "724" box
24 "693" box
25 "738" box
26 "750" box
27 "754" box
28 "765" box
29 "412" box
30 "443" box
31 "1448" box
32 "1449" box
33 "610" box
34 "1644" box
35 "1645" box
36 "413" box
37 "1439" box
38 "1702" box
39 "756" box
40 "234" box
41 "1445" box
42 "1456" box
*Edges
1 28 39
1 29 103
1 37 128
1 42 76
1 5 3010
1 6 635
1 33 286
1 25 124
1 40 57
1 13 754
1 19 668
1 23 19
1 31 876
1 14 145
1 30 549
1 9 218
1 32 670
1 35 222
1 3 1286
1 27 17
1 17 84
1 10 1778
1 8 1235
1 34 403
1 16 304
1 11 605
1 2 734
1 15 1274
1 12 74
1 39 17
1 18 709
1 21 37
1 22 21
1 36 195
1 26 267
1 24 1653
1 7 3234
1 41 156
1 4 1767
2 14 79
2 13 277
2 28 32
2 32 372
2 12 219
2 4 3230
2 17 1
2 10 3272
2 18 980
2 7 11687
2 21 11
2 23 1
2 26 400
2 1 734
2 9 964
2 16 52
2 3 5674
2 6 601
2 33 132
2 5 2622
2 8 3573
2 20 4
2 15 5240
2 31 32
2 37 137
2 11 121
2 39 4
2 19 419
2 27 48
2 40 184
2 24 1211
2 22 7
3 2 5674
3 9 1510
3 11 122
3 8 5418
3 13 92
3 26 750
3 17 231
3 14 124
3 28 60
3 1 1286
3 33 233
3 5 3942
3 40 274
3 18 1833
3 15 6621
3 37 54
3 12 350
3 19 769
3 16 61
3 32 694
3 10 4969
3 20 14
3 31 60
3 4 4526
3 27 90
3 24 2261
3 6 685
3 7 16795
4 37 21
4 9 274
4 3 4526
4 33 2875
4 19 752
4 31 54
4 24 2069
4 10 3481
4 23 26
4 22 49
4 35 1554
4 1 1767
4 12 293
4 39 28
4 25 820
4 15 4792
4 6 2878
4 34 2831
4 16 4309
4 7 12907
4 36 1365
4 8 4356
4 26 727
4 17 91
4 40 315
4 27 95
4 14 202
4 32 644
4 11 8764
4 21 1716
4 18 1825
4 5 4490
4 2 3230
4 30 3575
4 28 55
4 13 1679
5 31 20708
5 23 165
5 1 3010
5 9 253
5 28 50
5 2 2622
5 33 345
5 25 6
5 38 165
5 6 407
5 16 111
5 8 4303
5 3 3942
5 15 4345
5 12 261
5 42 1873
5 32 16940
5 18 1974
5 29 786
5 37 126
5 41 4054
5 10 5918
5 40 108
5 24 41427
5 26 15607
5 19 1827
5 4 4490
5 11 372
5 39 490
5 27 8569
5 14 1578
5 13 26607
5 7 11514
5 30 5
5 22 823
6 22 16
6 18 801
6 26 295
6 37 107
6 20 368
6 33 4354
6 23 25
6 30 3
6 15 483
6 8 291
6 27 51
6 25 7
6 9 125
6 29 70
6 4 2878
6 2 601
6 24 384
6 40 1595
6 13 475
6 11 93
6 7 822
6 28 26
6 31 15
6 10 756
6 39 9
6 3 685
6 19 224
6 16 12
6 14 32
6 5 407
6 12 12
6 1 635
6 32 147
7 10 11030
7 13 263
7 12 1078
7 1 3234
7 9 1491
7 40 216
7 17 142
7 19 2167
7 24 7006
7 14 336
7 5 11514
7 20 8
7 3 16795
7 8 15847
7 6 822
7 33 57
7 31 190
7 18 5764
7 16 200
7 2 11687
7 11 413
7 26 2376
7 27 285
7 21 11
7 4 12907
7 28 190
7 37 34
7 15 17237
7 32 2141
40 1 57
40 10 609
40 30 1
40 25 3
40 11 279
40 9 92
40 5 108
40 16 26
40 15 90
40 17 6
40 13 14
40 33 413
40 24 64
40 12 2
40 20 66
40 3 274
40 39 8
40 2 184
40 37 68
40 23 149
40 32 97
40 4 315
40 14 65
40 22 11
40 31 46
40 26 419
40 19 9
40 8 86
40 7 216
40 27 22
40 18 635
40 28 13
40 6 1595
12 40 2
12 24 150
12 8 367
12 11 8
12 16 4
12 19 50
12 15 386
12 2 219
12 13 6
12 28 4
12 3 350
12 7 1078
12 6 12
12 5 261
12 27 6
12 14 8
12 1 74
12 4 293
12 26 50
12 10 223
12 18 122
12 32 46
12 9 10
12 31 4
15 18 2364
15 3 6621
15 26 975
15 8 5913
15 33 109
15 7 17237
15 27 117
15 6 483
15 13 107
15 28 78
15 12 386
15 9 608
15 37 58
15 1 1274
15 4 4792
15 2 5240
15 16 73
15 24 2870
15 14 136
15 10 4659
15 32 877
15 20 33
15 17 136
15 40 90
15 11 146
15 19 881
15 5 4345
15 31 78
10 33 32
10 22 73
10 17 39
10 1 1778
10 2 3272
10 40 609
10 7 11030
10 28 246
10 27 220
10 32 1634
10 20 8
10 30 40
10 31 157
10 9 1133
10 39 91
10 14 487
10 16 147
10 26 2242
10 4 3481
10 5 5918
10 11 1282
10 37 134
10 12 223
10 25 59
10 23 158
10 18 5429
10 19 1359
10 24 4284
10 3 4969
10 15 4659
10 8 4121
10 6 756
10 13 1453
8 27 108
8 32 824
8 28 72
8 15 5913
8 3 5418
8 17 1
8 40 86
8 4 4356
8 26 900
8 19 881
8 7 15847
8 9 375
8 33 89
8 1 1235
8 24 2689
8 31 72
8 37 20
8 13 106
8 11 142
8 20 26
8 6 291
8 12 367
8 16 71
8 5 4303
8 10 4121
8 14 140
8 18 2193
8 2 3573
9 7 1491
9 15 608
9 16 5
9 40 92
9 4 274
9 37 18
9 32 151
9 1 218
9 27 15
9 31 10
9 12 10
9 28 10
9 13 5
9 10 1133
9 24 1300
9 26 125
9 8 375
9 6 125
9 17 7724
9 5 253
9 20 23
9 18 290
9 3 1510
9 11 10
9 2 964
9 33 91
9 19 30
18 4 1825
18 10 5429
18 27 384
18 26 2689
18 23 264
18 16 185
18 6 801
18 25 52
18 24 3749
18 15 2364
18 39 85
18 12 122
18 19 48617
18 29 18406
18 28 981
18 2 980
18 1 709
18 3 1833
18 37 262
18 8 2193
18 22 77
18 5 1974
18 40 635
18 30 75
18 31 255
18 11 1847
18 13 390
18 14 234
18 7 5764
18 32 1422
18 9 290
29 41 312
29 26 1
29 28 219
29 11 74
29 5 786
29 1 103
29 32 224
29 42 152
29 24 248
29 18 18406
29 19 13067
29 31 1635
29 27 1
29 6 70
36 25 2640
36 34 8752
36 30 11122
36 35 4810
36 4 1365
36 1 195
36 16 3965
21 4 1716
21 2 11
21 11 5696
21 7 11
21 1 37
21 39 15
21 16 1004
16 34 8237
16 13 6
16 18 185
16 32 32
16 31 16
16 39 79
16 28 2
16 6 12
16 15 73
16 35 4523
16 37 17
16 24 79
16 21 1004
16 30 10036
16 1 304
16 40 26
16 23 16
16 10 147
16 19 26
16 27 15
16 11 19560
16 7 200
16 3 61
16 9 5
16 5 111
16 25 2389
16 8 71
16 36 3965
16 12 4
16 14 4
16 4 4309
16 2 52
16 26 122
30 35 12159
30 34 22045
30 16 10036
30 10 40
30 32 3
30 5 5
30 11 31
30 28 3
30 14 1
30 13 3
30 4 3575
30 27 10
30 19 1
30 36 11122
30 26 17
30 37 9
30 23 4
30 25 6701
30 18 75
30 1 549
30 40 1
30 6 3
33 4 2875
33 10 32
33 9 91
33 24 2450
33 40 413
33 37 74
33 5 345
33 3 233
33 7 57
33 20 708
33 32 140
33 8 89
33 1 286
33 6 4354
33 2 132
33 15 109
11 29 74
11 14 71
11 32 229
11 8 142
11 39 695
11 15 146
11 28 77
11 40 279
11 25 30
11 26 981
11 13 89
11 3 122
11 1 605
11 12 8
11 10 1282
11 21 5696
11 24 150
11 27 112
11 2 121
11 5 372
11 16 19560
11 30 31
11 4 8764
11 18 1847
11 23 202
11 19 248
11 22 7
11 7 413
11 37 179
11 31 94
11 6 93
11 9 10
13 16 6
13 31 5
13 4 1679
13 14 2519
13 10 1453
13 9 5
13 26 173
13 40 14
13 3 92
13 11 89
13 32 63
13 28 25
13 6 475
13 8 106
13 24 87
13 19 52
13 2 277
13 23 229
13 22 1589
13 39 912
13 27 102
13 12 6
13 15 107
13 37 17
13 5 26607
13 18 390
13 7 263
13 30 3
13 25 8
13 1 754
14 23 22
14 5 1578
14 37 19
14 31 2
14 11 71
14 30 1
14 7 336
14 2 79
14 13 2519
14 16 4
14 3 124
14 15 136
14 27 2
14 1 145
14 25 4
14 22 84
14 18 234
14 10 487
14 40 65
14 8 140
14 32 56
14 19 78
14 26 22
14 39 44
14 24 44
14 6 32
14 28 14
14 12 8
14 4 202
17 9 7724
17 37 6
17 2 1
17 1 84
17 15 136
17 40 6
17 10 39
17 8 1
17 3 231
17 4 91
17 7 142
19 3 769
19 38 1
19 9 30
19 26 172
19 8 881
19 14 78
19 18 48617
19 25 3
19 15 881
19 5 1827
19 30 1
19 31 13
19 24 969
19 1 668
19 16 26
19 10 1359
19 6 224
19 12 50
19 32 237
19 37 21
19 13 52
19 40 9
19 2 419
19 7 2167
19 4 752
19 29 13067
19 28 565
19 11 248
19 27 28
20 3 14
20 9 23
20 2 4
20 10 8
20 8 26
20 7 8
20 40 66
20 37 38
20 15 33
20 6 368
20 33 708
24 37 87
24 42 601
24 38 232
24 4 2069
24 31 6452
24 2 1211
24 33 2450
24 3 2261
24 5 41427
24 29 248
24 19 969
24 27 281
24 12 150
24 9 1300
24 7 7006
24 16 79
24 18 3749
24 15 2870
24 32 16519
24 14 44
24 8 2689
24 1 1653
24 13 87
24 40 64
24 28 128
24 41 1209
24 6 384
24 10 4284
24 26 1723
24 11 150
22 2 7
22 40 11
22 13 1589
22 32 4
22 37 5
22 23 13
22 18 77
22 11 7
22 10 73
22 5 823
22 1 21
22 39 30
22 14 84
22 26 45
22 6 16
22 4 49
23 13 229
23 40 149
23 18 264
23 10 158
23 4 26
23 27 11
23 11 202
23 31 28
23 1 19
23 2 1
23 30 4
23 26 305
23 16 16
23 37 48
23 39 13
23 14 22
23 22 13
23 6 25
23 32 56
23 5 165
25 13 8
25 27 10
25 4 820
25 40 3
25 35 2895
25 1 124
25 14 4
25 16 2389
25 31 1
25 30 6701
25 11 30
25 32 12
25 5 6
25 26 15
25 28 7
25 37 7
25 34 5246
25 18 52
25 6 7
25 19 3
25 36 2640
25 10 59
26 16 122
26 3 750
26 12 50
26 32 22529
26 8 900
26 31 1444
26 10 2242
26 40 419
26 1 267
26 25 15
26 22 45
26 7 2376
26 2 400
26 18 2689
26 30 17
26 19 172
26 6 295
26 9 125
26 11 981
26 28 74
26 27 10637
26 29 1
26 4 727
26 13 173
26 5 15607
26 37 143
26 15 975
26 39 141
26 23 305
26 24 1723
26 14 22
27 3 90
27 23 11
27 24 281
27 32 464
27 28 8
27 30 10
27 26 10637
27 6 51
27 9 15
27 2 48
27 19 28
27 7 285
27 12 6
27 10 220
27 11 112
27 25 10
27 8 108
27 18 384
27 5 8569
27 40 22
27 37 34
27 14 2
27 1 17
27 15 117
27 29 1
27 16 15
27 31 32
27 4 95
27 13 102
39 1 17
39 11 695
39 22 30
39 31 7
39 18 85
39 23 13
39 32 2
39 14 44
39 26 141
39 40 8
39 5 490
39 10 91
39 16 79
39 13 912
39 21 15
39 37 7
39 4 28
39 6 9
39 2 4
28 24 128
28 4 55
28 31 8
28 30 3
28 15 78
28 5 50
28 7 190
28 29 219
28 1 39
28 13 25
28 16 2
28 6 26
28 26 74
28 8 72
28 37 17
28 9 10
28 25 7
28 2 32
28 18 981
28 14 14
28 3 60
28 12 4
28 32 77
28 10 246
28 19 565
28 40 13
28 27 8
28 11 77
37 24 87
37 27 34
37 33 74
37 8 20
37 20 38
37 30 9
37 14 19
37 26 143
37 18 262
37 32 68
37 6 107
37 7 34
37 4 21
37 9 18
37 10 134
37 15 58
37 22 5
37 3 54
37 1 128
37 25 7
37 40 68
37 13 17
37 38 2
37 19 21
37 5 126
37 11 179
37 2 137
37 39 7
37 16 17
37 28 17
37 23 48
37 17 6
37 31 59
41 1 156
41 31 7956
41 42 741
41 32 1092
41 24 1209
41 29 312
41 5 4054
31 2 32
31 26 1444
31 27 32
31 19 13
31 9 10
31 14 2
31 15 78
31 5 20708
31 39 7
31 24 6452
31 37 59
31 7 190
31 1 876
31 23 28
31 41 7956
31 29 1635
31 40 46
31 42 3876
31 10 157
31 18 255
31 28 8
31 6 15
31 4 54
31 13 5
31 32 9579
31 16 16
31 3 60
31 25 1
31 11 94
31 8 72
31 12 4
32 29 224
32 2 372
32 11 229
32 9 151
32 19 237
32 33 140
32 12 46
32 1 670
32 28 77
32 18 1422
32 40 97
32 37 68
32 3 694
32 24 16519
32 15 877
32 6 147
32 27 464
32 5 16940
32 26 22529
32 22 4
32 31 9579
32 30 3
32 25 12
32 41 1092
32 42 532
32 13 63
32 14 56
32 39 2
32 38 92
32 23 56
32 10 1634
32 8 824
32 4 644
32 16 32
32 7 2141
42 32 532
42 5 1873
42 29 152
42 31 3876
42 1 76
42 41 741
42 24 601
34 35 9923
34 36 8752
34 1 403
34 25 5246
34 4 2831
34 16 8237
34 30 22045
35 25 2895
35 16 4523
35 34 9923
35 30 12159
35 4 1554
35 36 4810
35 1 222
38 24 232
38 32 92
38 19 1
38 5 165
38 37 2
