*Vertices  14
1 "177" box
2 "189" box
3 "234" box
4 "193" box
5 "663" box
6 "411" box
7 "670" box
8 "693" box
9 "443" box
10 "1439" box
11 "1445" box
12 "1448" box
13 "1449" box
14 "665" box
*Edges
1 2 2602
1 6 17
1 13 149
1 8 338
1 14 35
1 7 95
1 12 1099
1 4 639
1 11 2840
1 10 748
1 3 28
2 6 3
2 13 2289
2 1 2602
2 8 6526
2 7 33
2 12 20468
2 11 16409
2 5 3
2 10 4735
4 1 639
4 3 106604
4 3 14672
3 4 106604
3 3 7205
3 4 14672
3 1 28
3 3 7205
6 14 4
6 10 15
6 2 3
6 1 17
6 7 75
5 2 3
14 6 4
14 1 35
7 1 95
7 6 75
7 10 125
7 2 33
8 2 6526
8 1 338
8 10 796
8 13 603
8 11 3545
8 12 5965
10 7 125
10 11 14413
10 6 15
10 2 4735
10 8 796
10 1 748
10 12 4326
10 13 708
11 12 21392
11 13 4227
11 1 2840
11 8 3545
11 2 16409
11 10 14413
12 10 4326
12 1 1099
12 2 20468
12 8 5965
12 11 21392
12 13 3731
13 1 149
13 10 708
13 12 3731
13 11 4227
13 2 2289
13 8 603
