*Vertices  9
1 "177" box
2 "182" box
3 "185" box
4 "179" box
5 "430" box
6 "415" box
7 "659" box
8 "756" box
9 "1972" box
*Edges
1 7 957
1 3 610
1 8 53
4 2 10
4 3 12
2 4 10
2 3 16
3 2 16
3 5 892
3 1 610
3 7 11103
3 4 12
3 6 2464
6 5 2622
6 7 25151
6 9 130
6 3 2464
5 6 2622
5 9 81
5 3 892
5 7 19427
7 3 11103
7 1 957
7 9 541
7 5 19427
7 6 25151
7 8 1857
8 1 53
8 7 1857
9 6 130
9 7 541
9 5 81
