*Vertices  8
1 "177" box
2 "1448" box
3 "665" box
4 "1439" box
5 "1449" box
6 "2342" box
7 "189" box
8 "249" box
*Edges
1 4 125
1 5 2504
1 7 84
1 6 10
1 2 786
7 1 84
7 3 1
7 2 1373
7 5 4395
7 4 133
7 8 102
7 6 1865
8 7 102
8 6 21
8 3 10
3 7 1
3 8 10
4 1 125
4 5 2542
4 7 133
4 2 1457
4 6 121
2 5 30631
2 7 1373
2 6 227
2 1 786
2 4 1457
5 7 4395
5 4 2542
5 1 2504
5 2 30631
5 6 525
6 2 227
6 7 1865
6 5 525
6 1 10
6 8 21
6 4 121
