*Vertices  31
1 "177" box
2 "179" box
3 "182" box
4 "185" box
5 "189" box
6 "193" box
7 "197" box
8 "319" box
9 "249" box
10 "659" box
11 "245" box
12 "663" box
13 "665" box
14 "247" box
15 "668" box
16 "411" box
17 "670" box
18 "724" box
19 "693" box
20 "738" box
21 "443" box
22 "1448" box
23 "1449" box
24 "1644" box
25 "1645" box
26 "413" box
27 "1439" box
28 "1702" box
29 "756" box
30 "234" box
31 "1445" box
*Edges
1 29 4
1 4 1661
1 26 183
1 18 19
1 31 156
1 16 258
1 17 378
1 20 3
1 6 519
1 25 222
1 3 1231
1 8 72
1 23 587
1 2 734
1 21 340
1 30 57
1 11 74
1 22 864
1 14 516
1 13 60
1 24 175
1 19 998
1 27 128
1 7 1015
1 10 277
1 5 1891
1 12 570
1 9 1730
1 15 3
2 30 184
2 14 1311
2 27 137
2 19 582
2 8 178
2 16 114
2 18 1
2 17 219
2 13 27
2 9 3238
2 6 600
2 3 4858
2 11 219
2 1 734
2 10 49
2 12 208
2 7 3770
2 4 3203
2 23 372
2 5 1881
2 15 1
2 22 32
3 30 171
3 8 277
3 4 4329
3 6 626
3 5 2572
3 14 2065
3 10 88
3 7 5444
3 23 671
3 12 60
3 17 388
3 9 4453
3 22 58
3 19 1050
3 16 205
3 11 337
3 13 30
3 27 51
3 2 4858
3 1 1231
3 15 109
4 16 249
4 25 1554
4 19 996
4 5 3250
4 7 3937
4 9 3418
4 10 104
4 14 1814
4 12 1280
4 8 31
4 6 2163
4 17 395
4 26 1281
4 11 293
4 23 640
4 13 101
4 22 54
4 24 1234
4 3 4329
4 30 265
4 18 26
4 1 1661
4 15 1
4 20 21
4 2 3203
4 21 2044
4 27 21
5 7 2371
5 2 1881
5 16 203
5 17 568
5 4 3250
5 10 99
5 1 1891
5 14 1205
5 23 9948
5 19 22279
5 12 20290
5 29 1
5 13 1205
5 18 126
5 27 89
5 31 1246
5 9 3762
5 22 5729
5 3 2572
5 11 178
5 6 345
5 30 43
5 28 165
6 8 32
6 17 120
6 2 600
6 9 726
6 5 345
6 23 142
6 14 90
6 21 3
6 18 23
6 3 626
6 22 15
6 13 25
6 27 101
6 19 180
6 12 348
6 30 1268
6 4 2163
6 10 43
6 1 519
6 7 368
6 16 230
6 11 12
7 16 194
7 22 56
7 12 54
7 13 27
7 5 2371
7 11 326
7 15 21
7 1 1015
7 14 1977
7 10 83
7 8 79
7 2 3770
7 9 3555
7 19 1002
7 30 79
7 27 2
7 17 353
7 6 368
7 23 640
7 3 5444
7 4 3937
30 4 265
30 10 137
30 29 8
30 15 2
30 17 2
30 1 57
30 11 2
30 3 171
30 23 55
30 21 1
30 27 68
30 7 79
30 14 15
30 13 38
30 2 184
30 19 30
30 18 149
30 6 1268
30 8 20
30 22 46
30 5 43
30 16 182
30 9 609
11 1 74
11 30 2
11 14 156
11 9 219
11 7 326
11 3 337
11 10 6
11 6 12
11 2 219
11 22 4
11 19 72
11 5 178
11 4 293
11 17 26
11 12 4
11 13 2
11 23 46
11 16 14
14 10 45
14 13 15
14 1 516
14 17 195
14 7 1977
14 23 345
14 5 1205
14 6 90
14 19 540
14 16 105
14 2 1311
14 9 1636
14 12 30
14 22 30
14 30 15
14 3 2065
14 4 1814
14 11 156
9 11 219
9 8 297
9 19 2040
9 30 609
9 5 3762
9 1 1730
9 17 676
9 13 196
9 29 59
9 16 1002
9 2 3238
9 10 570
9 27 134
9 23 1537
9 21 17
9 15 26
9 7 3555
9 22 157
9 6 726
9 12 970
9 3 4453
9 18 158
9 4 3418
9 14 1636
8 4 31
8 9 297
8 15 61
8 3 277
8 27 10
8 7 79
8 30 20
8 2 178
8 1 72
8 6 32
16 3 205
16 14 105
16 10 343
16 30 182
16 13 16
16 27 141
16 19 162
16 12 4
16 17 13302
16 29 18
16 6 230
16 22 67
16 9 1002
16 5 203
16 23 182
16 1 258
16 7 194
16 2 114
16 18 148
16 21 27
16 4 249
16 11 14
26 1 183
26 25 4514
26 21 6379
26 20 166
26 4 1281
26 24 3580
21 18 4
21 27 9
21 23 1
21 10 9
21 30 1
21 1 340
21 25 7199
21 4 2044
21 9 17
21 16 27
21 26 6379
21 20 307
21 24 5674
21 6 3
10 29 471
10 3 88
10 14 45
10 17 15
10 21 9
10 30 137
10 18 137
10 12 2
10 7 83
10 9 570
10 5 99
10 19 66
10 22 70
10 13 7
10 16 343
10 11 6
10 2 49
10 23 101
10 27 113
10 4 104
10 1 277
10 6 43
12 1 570
12 10 2
12 13 1742
12 14 30
12 23 8
12 6 348
12 4 1280
12 19 12
12 3 60
12 16 4
12 5 20290
12 11 4
12 9 970
12 18 174
12 2 208
12 17 22
12 7 54
13 23 16
13 7 27
13 14 15
13 18 14
13 2 27
13 6 25
13 12 1742
13 4 101
13 27 9
13 30 38
13 1 60
13 19 6
13 3 30
13 10 7
13 5 1205
13 9 196
13 22 1
13 11 2
13 17 11
13 16 16
15 8 61
15 4 1
15 9 26
15 30 2
15 7 21
15 2 1
15 1 3
15 3 109
15 27 2
17 10 15
17 5 568
17 4 395
17 23 95
17 14 195
17 3 388
17 2 219
17 19 150
17 30 2
17 7 353
17 1 378
17 13 11
17 6 120
17 12 22
17 16 13302
17 9 676
17 11 26
17 22 4
19 1 998
19 10 66
19 31 1131
19 11 72
19 6 180
19 16 162
19 12 12
19 30 30
19 13 6
19 4 996
19 2 582
19 28 193
19 22 5889
19 27 39
19 3 1050
19 5 22279
19 23 7684
19 14 540
19 9 2040
19 17 150
19 7 1002
18 30 149
18 22 28
18 23 36
18 5 126
18 16 148
18 27 48
18 4 26
18 29 7
18 21 4
18 2 1
18 13 14
18 1 19
18 6 23
18 10 137
18 9 158
18 12 174
20 25 82
20 1 3
20 26 166
20 4 21
20 24 68
20 21 307
29 16 18
29 5 1
29 22 6
29 30 8
29 27 5
29 9 59
29 10 471
29 18 7
29 1 4
27 2 137
27 13 9
27 30 68
27 8 10
27 15 2
27 28 2
27 22 59
27 4 21
27 21 9
27 19 39
27 7 2
27 10 113
27 1 128
27 9 134
27 3 51
27 29 5
27 18 48
27 5 89
27 23 60
27 6 101
27 16 141
31 23 624
31 22 7839
31 5 1246
31 19 1131
31 1 156
22 1 864
22 9 157
22 27 59
22 7 56
22 16 67
22 23 6863
22 18 28
22 31 7839
22 11 4
22 13 1
22 10 70
22 6 15
22 29 6
22 2 32
22 30 46
22 17 4
22 4 54
22 3 58
22 19 5889
22 5 5729
22 14 30
23 7 640
23 19 7684
23 16 182
23 10 101
23 22 6863
23 4 640
23 11 46
23 27 60
23 5 9948
23 12 8
23 17 95
23 18 36
23 2 372
23 6 142
23 9 1537
23 1 587
23 30 55
23 14 345
23 28 89
23 3 671
23 21 1
23 31 624
23 13 16
24 1 175
24 26 3580
24 25 4296
24 21 5674
24 4 1234
24 20 68
25 20 82
25 21 7199
25 24 4296
25 4 1554
25 26 4514
25 1 222
28 27 2
28 19 193
28 5 165
28 23 89
