*Vertices  17
1 "177" box
2 "189" box
3 "234" box
4 "193" box
5 "663" box
6 "411" box
7 "670" box
8 "693" box
9 "249" box
10 "412" box
11 "443" box
12 "1439" box
13 "1445" box
14 "1448" box
15 "1449" box
16 "665" box
17 "1456" box
*Edges
1 14 1100
1 12 748
1 13 2840
1 17 350
1 9 8
1 6 23
1 16 124
1 10 5
1 2 2804
1 7 129
1 15 181
1 4 718
1 8 347
1 3 28
2 10 58
2 12 5013
2 5 26
2 16 231
2 8 7132
2 13 17818
2 14 23381
2 9 23
2 17 4398
2 15 3312
2 1 2804
2 6 27
2 7 153
4 3 16808
4 1 718
4 3 121958
3 1 28
3 3 7205
3 4 16808
3 7 2
3 3 7205
3 4 121958
9 2 23
9 6 1
9 1 8
9 5 1
9 16 13
6 2 27
6 16 9
6 9 1
6 1 23
6 12 25
6 7 165
10 13 32
10 8 3
10 12 16
10 1 5
10 14 13
10 2 58
10 15 6
10 17 109
5 16 8
5 2 26
5 9 1
16 2 231
16 6 9
16 9 13
16 7 6
16 5 8
16 1 124
7 16 6
7 2 153
7 6 165
7 3 2
7 1 129
7 12 165
8 13 3745
8 12 828
8 1 347
8 10 3
8 14 6418
8 2 7132
8 17 920
8 15 817
12 10 16
12 6 25
12 7 165
12 1 748
12 17 1301
12 14 4342
12 13 14413
12 15 907
12 2 5013
12 8 828
13 2 17818
13 10 32
13 8 3745
13 17 5851
13 12 14413
13 1 2840
13 14 21447
13 15 5161
14 1 1100
14 12 4342
14 13 21447
14 15 4929
14 17 5030
14 10 13
14 2 23381
14 8 6418
15 1 181
15 10 6
15 2 3312
15 17 946
15 12 907
15 8 817
15 14 4929
15 13 5161
17 1 350
17 15 946
17 12 1301
17 2 4398
17 10 109
17 13 5851
17 8 920
17 14 5030
