*Vertices  10
1 "177" box
2 "750" box
3 "754" box
4 "1448" box
5 "665" box
6 "1439" box
7 "1449" box
8 "2342" box
9 "189" box
10 "249" box
*Edges
1 7 2552
1 4 786
1 6 125
1 9 202
1 2 146
1 8 34
9 6 235
9 5 42
9 10 353
9 2 4250
9 7 10749
9 4 2595
9 1 202
9 8 9422
9 3 18
10 9 353
10 2 207
10 5 10
10 8 85
10 3 14
5 10 10
5 9 42
5 2 11
5 8 3
2 7 4366
2 8 1970
2 9 4250
2 3 13
2 6 108
2 10 207
2 1 146
2 5 11
2 4 958
3 8 5
3 10 14
3 9 18
3 2 13
6 1 125
6 4 1457
6 8 153
6 7 2592
6 9 235
6 2 108
4 1 786
4 9 2595
4 7 31109
4 6 1457
4 8 491
4 2 958
7 6 2592
7 8 1331
7 1 2552
7 2 4366
7 4 31109
7 9 10749
8 5 3
8 9 9422
8 4 491
8 1 34
8 2 1970
8 3 5
8 7 1331
8 6 153
8 10 85
