*Vertices  8
1 "177" box
2 "182" box
3 "185" box
4 "179" box
5 "430" box
6 "415" box
7 "659" box
8 "756" box
*Edges
1 8 53
1 7 957
1 3 610
4 3 12
4 2 10
2 4 10
2 3 16
3 1 610
3 2 16
3 4 12
3 5 892
3 6 411
3 7 10175
6 5 871
6 7 4228
6 3 411
5 3 892
5 6 871
5 7 19184
7 1 957
7 3 10175
7 5 19184
7 6 4228
7 8 1857
8 7 1857
8 1 53
