*Vertices  10
1 "177" box
2 "189" box
3 "234" box
4 "193" box
5 "411" box
6 "693" box
7 "443" box
8 "1439" box
9 "1445" box
10 "1448" box
*Edges
1 5 11
1 4 351
1 8 748
1 3 22
1 2 2057
1 10 126
1 9 2840
1 6 323
2 1 2057
2 10 2413
2 9 10040
2 6 4870
2 8 3486
4 1 351
4 3 14447
3 1 22
3 4 14447
5 1 11
5 8 5
6 8 773
6 1 323
6 2 4870
6 9 3435
6 10 1166
8 5 5
8 6 773
8 10 222
8 1 748
8 9 14413
8 2 3486
9 10 697
9 1 2840
9 2 10040
9 6 3435
9 8 14413
10 1 126
10 2 2413
10 6 1166
10 9 697
10 8 222
