*Vertices  12
1 "177" box
2 "189" box
3 "234" box
4 "193" box
5 "411" box
6 "670" box
7 "693" box
8 "443" box
9 "1439" box
10 "1445" box
11 "1448" box
12 "1449" box
*Edges
1 2 2166
1 5 17
1 10 2840
1 6 18
1 4 517
1 11 1042
1 7 338
1 3 28
1 12 95
1 9 748
2 1 2166
2 10 10059
2 12 822
2 11 12414
2 7 5435
2 9 3496
2 6 4
4 1 517
4 3 93864
4 3 402
3 4 93864
3 4 402
3 3 225
3 1 28
3 3 225
5 6 6
5 1 17
5 9 15
6 5 6
6 2 4
6 9 10
6 1 18
7 10 3545
7 2 5435
7 12 303
7 1 338
7 9 796
7 11 5400
9 7 796
9 1 748
9 5 15
9 6 10
9 2 3496
9 12 488
9 10 14413
9 11 4069
10 2 10059
10 11 20426
10 12 2854
10 7 3545
10 9 14413
10 1 2840
11 1 1042
11 9 4069
11 10 20426
11 2 12414
11 7 5400
11 12 1987
12 2 822
12 10 2854
12 9 488
12 11 1987
12 1 95
12 7 303
