*Vertices  19
1 "177" box
2 "189" box
3 "197" box
4 "234" box
5 "193" box
6 "663" box
7 "411" box
8 "670" box
9 "693" box
10 "249" box
11 "412" box
12 "443" box
13 "1439" box
14 "1445" box
15 "1448" box
16 "1449" box
17 "665" box
18 "1456" box
19 "610" box
*Edges
1 7 114
1 8 129
1 10 8
1 15 1100
1 18 350
1 5 719
1 16 181
1 13 748
1 4 28
1 9 350
1 2 2985
1 17 124
1 19 4
1 14 2840
1 11 13
2 15 26010
2 1 2985
2 6 26
2 9 7602
2 11 229
2 17 231
2 8 153
2 18 4881
2 16 3624
2 10 23
2 13 5516
2 7 752
2 14 19838
5 4 16969
5 4 123119
5 19 6720
5 1 719
4 8 2
4 4 7205
4 19 322
4 4 7205
4 19 2313
4 1 28
4 5 16969
4 5 123119
10 6 1
10 17 13
10 7 1
10 1 8
10 2 23
7 2 752
7 13 144
7 18 86
7 11 5
7 17 10
7 15 301
7 6 1
7 8 166
7 14 535
7 1 114
7 10 1
7 9 86
7 16 64
11 1 13
11 16 96
11 2 229
11 18 213
11 15 532
11 7 5
11 13 52
11 9 34
11 14 269
19 5 6720
19 1 4
19 4 322
19 4 2313
6 7 1
6 10 1
6 2 26
6 17 8
17 7 10
17 1 124
17 2 231
17 10 13
17 8 6
17 6 8
8 13 165
8 4 2
8 1 129
8 7 166
8 17 6
8 2 153
9 2 7602
9 14 3788
9 13 829
9 15 6431
9 16 824
9 1 350
9 11 34
9 18 926
9 7 86
13 14 14413
13 2 5516
13 18 1301
13 16 907
13 11 52
13 8 165
13 7 144
13 15 4342
13 9 829
13 1 748
14 16 5161
14 13 14413
14 2 19838
14 1 2840
14 15 21447
14 7 535
14 18 5851
14 11 269
14 9 3788
15 9 6431
15 2 26010
15 7 301
15 16 4929
15 18 5030
15 13 4342
15 1 1100
15 11 532
15 14 21447
16 1 181
16 18 946
16 14 5161
16 2 3624
16 7 64
16 11 96
16 15 4929
16 13 907
16 9 824
18 11 213
18 1 350
18 13 1301
18 7 86
18 9 926
18 16 946
18 14 5851
18 15 5030
18 2 4881
