*Vertices  10
1 "177" box
2 "750" box
3 "754" box
4 "1448" box
5 "665" box
6 "1439" box
7 "1449" box
8 "2342" box
9 "189" box
10 "249" box
*Edges
1 3 26
1 4 786
1 2 322
1 8 34
1 9 202
1 7 2552
1 6 125
9 5 42
9 1 202
9 3 1133
9 7 10769
9 6 235
9 8 9518
9 4 2600
9 10 353
9 2 7771
10 5 10
10 9 353
10 3 158
10 8 85
10 2 236
5 2 11
5 9 42
5 8 3
5 3 2
5 10 10
2 3 1187
2 4 2622
2 1 322
2 9 7771
2 5 11
2 8 3739
2 10 236
2 6 185
2 7 10765
3 4 840
3 8 169
3 7 1677
3 10 158
3 1 26
3 2 1187
3 6 5
3 9 1133
3 5 2
6 9 235
6 4 1457
6 2 185
6 8 153
6 3 5
6 7 2592
6 1 125
4 9 2600
4 1 786
4 7 31109
4 8 491
4 3 840
4 2 2622
4 6 1457
7 2 10765
7 1 2552
7 4 31109
7 3 1677
7 8 1331
7 9 10769
7 6 2592
8 3 169
8 5 3
8 1 34
8 9 9518
8 10 85
8 6 153
8 2 3739
8 4 491
8 7 1331
