*Vertices  6
1 "430" box
2 "738" box
3 "443" box
4 "1644" box
5 "1645" box
6 "413" box
*Edges
6 3 348
6 2 137
6 1 34
6 4 233
6 5 43
1 6 34
1 3 254
1 4 10
3 6 348
3 1 254
3 4 2961
3 2 948
3 5 340
2 3 948
2 5 216
2 4 1963
2 6 137
4 3 2961
4 2 1963
4 6 233
4 5 676
4 1 10
5 6 43
5 2 216
5 3 340
5 4 676
