*Vertices  20
1 "177" box
2 "189" box
3 "197" box
4 "234" box
5 "193" box
6 "663" box
7 "411" box
8 "670" box
9 "693" box
10 "249" box
11 "412" box
12 "443" box
13 "1439" box
14 "1445" box
15 "1448" box
16 "1449" box
17 "665" box
18 "1456" box
19 "610" box
20 "756" box
*Edges
1 17 124
1 8 129
1 15 1100
1 5 719
1 13 748
1 14 2840
1 7 428
1 16 181
1 2 2985
1 10 8
1 9 350
1 19 26
1 18 350
1 11 13
1 4 28
2 20 33
2 17 231
2 6 26
2 10 23
2 1 2985
2 7 2913
2 15 26010
2 11 234
2 16 3624
2 14 19838
2 18 4881
2 8 153
2 3 12
2 9 7602
2 13 5516
5 19 17740
5 1 719
5 4 16969
5 4 123119
3 2 12
3 10 1
4 4 7205
4 1 28
4 8 2
4 5 123119
4 5 16969
4 4 7205
4 19 5990
4 19 835
10 2 23
10 17 13
10 6 1
10 3 1
10 1 8
10 20 3
10 7 6
7 1 428
7 16 493
7 17 60
7 2 2913
7 6 9
7 11 75
7 8 175
7 18 759
7 13 1092
7 10 6
7 14 4213
7 9 498
7 20 9
7 15 3787
11 1 13
11 15 532
11 9 34
11 2 234
11 16 98
11 13 52
11 14 269
11 7 75
11 18 222
19 4 5990
19 1 26
19 5 17740
19 4 835
6 2 26
6 7 9
6 20 3
6 10 1
6 17 8
17 1 124
17 10 13
17 2 231
17 6 8
17 7 60
17 20 12
17 8 6
8 4 2
8 1 129
8 7 175
8 2 153
8 13 165
8 17 6
9 16 824
9 7 498
9 11 34
9 2 7602
9 18 926
9 1 350
9 15 6431
9 13 829
9 14 3788
20 7 9
20 10 3
20 6 3
20 2 33
20 17 12
13 14 14413
13 18 1301
13 11 52
13 2 5516
13 15 4342
13 1 748
13 9 829
13 8 165
13 16 907
13 7 1092
14 11 269
14 13 14413
14 2 19838
14 7 4213
14 18 5851
14 1 2840
14 15 21447
14 16 5161
14 9 3788
15 7 3787
15 9 6431
15 11 532
15 13 4342
15 2 26010
15 18 5030
15 14 21447
15 1 1100
15 16 4929
16 13 907
16 2 3624
16 14 5161
16 11 98
16 1 181
16 18 946
16 15 4929
16 7 493
16 9 824
18 2 4881
18 16 946
18 7 759
18 14 5851
18 9 926
18 13 1301
18 11 222
18 15 5030
18 1 350
