*Vertices  42
1 "177" box
2 "179" box
3 "182" box
4 "185" box
5 "189" box
6 "193" box
7 "197" box
8 "251" box
9 "319" box
10 "249" box
11 "659" box
12 "245" box
13 "663" box
14 "665" box
15 "247" box
16 "430" box
17 "668" box
18 "411" box
19 "670" box
20 "671" box
21 "415" box
22 "721" box
23 "724" box
24 "693" box
25 "738" box
26 "750" box
27 "754" box
28 "765" box
29 "412" box
30 "443" box
31 "1448" box
32 "1449" box
33 "610" box
34 "1644" box
35 "1645" box
36 "413" box
37 "1439" box
38 "1702" box
39 "756" box
40 "234" box
41 "1445" box
42 "1456" box
*Edges
1 17 59
1 13 754
1 30 543
1 21 6
1 40 57
1 25 124
1 4 1762
1 15 1274
1 10 1778
1 11 602
1 2 734
1 16 208
1 36 195
1 19 571
1 32 670
1 18 681
1 9 211
1 33 198
1 26 267
1 34 403
1 42 76
1 31 876
1 27 13
1 39 5
1 28 1
1 12 74
1 5 2962
1 22 21
1 7 2927
1 41 156
1 24 1653
1 37 128
1 29 70
1 14 145
1 6 632
1 35 222
1 23 19
1 3 1286
1 8 963
2 5 2605
2 15 5240
2 12 219
2 31 32
2 21 2
2 27 32
2 24 1211
2 26 400
2 22 7
2 10 3272
2 17 1
2 11 121
2 18 964
2 23 1
2 13 277
2 6 601
2 16 52
2 7 10767
2 8 2901
2 14 79
2 32 372
2 3 5674
2 9 964
2 19 351
2 37 137
2 4 3230
2 20 4
2 33 132
2 1 734
2 40 184
3 17 231
3 32 694
3 27 60
3 7 15350
3 8 4322
3 18 1803
3 9 1502
3 24 2261
3 10 4969
3 31 60
3 11 122
3 16 61
3 6 685
3 26 750
3 14 124
3 13 92
3 19 645
3 20 14
3 12 350
3 5 3911
3 2 5674
3 37 54
3 15 6621
3 1 1286
3 40 274
3 33 188
3 4 4523
4 2 3230
4 40 310
4 15 4792
4 32 644
4 21 312
4 18 1788
4 23 26
4 7 11525
4 27 65
4 24 2069
4 26 727
4 11 8764
4 35 1554
4 33 2041
4 25 820
4 13 1679
4 8 3420
4 36 1365
4 9 274
4 16 3637
4 5 4459
4 34 2831
4 6 2828
4 30 3533
4 31 54
4 22 49
4 12 293
4 14 202
4 10 3481
4 37 21
4 3 4523
4 17 19
4 19 628
4 1 1762
5 25 6
5 19 1520
5 40 108
5 15 4311
5 18 1948
5 22 823
5 42 1759
5 1 2962
5 24 41230
5 14 1574
5 31 19484
5 8 3324
5 3 3911
5 37 126
5 30 5
5 23 165
5 32 16768
5 12 259
5 11 370
5 38 165
5 7 10348
5 29 462
5 39 26
5 13 26605
5 16 110
5 9 115
5 2 2605
5 6 407
5 27 5606
5 4 4459
5 26 15607
5 41 3820
5 10 5866
6 31 15
6 37 107
6 23 25
6 16 12
6 26 295
6 8 243
6 29 49
6 3 685
6 20 368
6 25 7
6 14 32
6 30 3
6 5 407
6 24 384
6 19 223
6 9 125
6 2 601
6 27 36
6 33 2659
6 28 1
6 10 756
6 18 771
6 7 768
6 11 93
6 13 475
6 1 632
6 39 1
6 22 16
6 4 2828
6 12 12
6 15 483
6 40 1586
6 32 147
7 6 768
7 13 238
7 14 304
7 1 2927
7 19 1657
7 17 54
7 37 34
7 11 324
7 3 15350
7 27 172
7 16 164
7 8 11302
7 5 10348
7 2 10767
7 31 172
7 33 57
7 32 1938
7 10 10068
7 20 8
7 26 2151
7 12 972
7 15 15650
7 4 11525
7 18 5132
7 40 207
7 24 6342
7 9 1335
40 18 634
40 14 65
40 22 11
40 10 609
40 15 90
40 30 1
40 24 64
40 23 149
40 12 2
40 31 46
40 17 6
40 2 184
40 9 92
40 32 97
40 6 1586
40 5 108
40 13 14
40 26 419
40 11 279
40 25 3
40 20 66
40 37 68
40 33 329
40 19 9
40 39 8
40 8 78
40 16 26
40 4 310
40 1 57
40 3 274
40 7 207
40 27 18
12 13 6
12 10 223
12 26 50
12 15 386
12 40 2
12 31 4
12 11 8
12 16 4
12 32 46
12 18 120
12 7 972
12 4 293
12 5 259
12 24 150
12 2 219
12 14 8
12 1 74
12 27 4
12 19 42
12 3 350
12 8 287
12 9 10
12 6 12
15 32 877
15 8 4689
15 11 146
15 13 107
15 9 608
15 4 4792
15 7 15650
15 19 745
15 2 5240
15 12 386
15 1 1274
15 6 483
15 10 4659
15 5 4311
15 3 6621
15 16 73
15 26 975
15 31 78
15 37 58
15 40 90
15 24 2870
15 20 33
15 27 78
15 14 136
15 33 109
15 17 136
15 18 2325
10 5 5866
10 8 3233
10 24 4284
10 27 159
10 4 3481
10 22 73
10 26 2242
10 3 4969
10 40 609
10 31 157
10 20 8
10 6 756
10 17 39
10 2 3272
10 9 1117
10 23 158
10 39 71
10 1 1778
10 14 487
10 32 1634
10 25 59
10 16 147
10 13 1453
10 7 10068
10 11 1282
10 37 134
10 12 223
10 30 40
10 15 4659
10 19 1151
10 33 32
10 18 5348
8 10 3233
8 20 26
8 5 3324
8 13 82
8 33 89
8 11 110
8 2 2901
8 17 1
8 27 56
8 1 963
8 37 20
8 19 573
8 15 4689
8 12 287
8 18 1677
8 3 4322
8 24 2089
8 40 78
8 14 108
8 32 640
8 26 700
8 31 56
8 6 243
8 9 335
8 7 11302
8 4 3420
8 16 55
9 13 5
9 40 92
9 15 608
9 20 23
9 27 10
9 10 1117
9 3 1502
9 33 81
9 26 125
9 37 18
9 19 30
9 24 320
9 5 115
9 6 125
9 16 5
9 7 1335
9 18 285
9 2 964
9 31 10
9 12 10
9 17 5446
9 4 274
9 8 335
9 32 95
9 1 211
9 11 10
18 28 237
18 40 634
18 30 74
18 9 285
18 23 264
18 10 5348
18 8 1677
18 19 43019
18 11 1812
18 31 253
18 7 5132
18 2 964
18 5 1948
18 16 184
18 15 2325
18 39 81
18 4 1788
18 26 2660
18 22 77
18 32 1401
18 1 681
18 13 387
18 14 233
18 25 51
18 27 268
18 29 11629
18 6 771
18 12 120
18 37 262
18 3 1803
18 24 3685
29 41 195
29 42 95
29 24 155
29 1 70
29 31 1023
29 11 53
29 27 1
29 5 462
29 6 49
29 26 1
29 19 8920
29 18 11629
29 32 140
29 28 52
36 30 10992
36 35 4810
36 1 195
36 25 2640
36 16 1885
36 34 8752
36 4 1365
21 16 144
21 4 312
21 2 2
21 11 782
21 39 2
21 1 6
16 23 16
16 18 184
16 13 6
16 12 4
16 26 122
16 27 11
16 31 16
16 36 1885
16 10 147
16 3 61
16 37 17
16 8 55
16 25 1141
16 21 144
16 30 4726
16 1 208
16 14 4
16 4 3637
16 39 79
16 24 79
16 6 12
16 35 2155
16 11 19401
16 2 52
16 32 32
16 34 3949
16 19 22
16 5 110
16 7 164
16 15 73
16 40 26
16 9 5
30 26 17
30 32 3
30 14 1
30 36 10992
30 13 3
30 25 6623
30 6 3
30 37 9
30 11 31
30 27 7
30 19 1
30 23 4
30 40 1
30 16 4726
30 18 74
30 4 3533
30 10 40
30 1 543
30 34 21777
30 5 5
30 35 12011
33 20 708
33 7 57
33 40 329
33 2 132
33 8 89
33 3 188
33 15 109
33 9 81
33 1 198
33 10 32
33 4 2041
33 6 2659
33 37 74
11 32 229
11 9 10
11 37 179
11 24 150
11 31 94
11 6 93
11 22 7
11 13 89
11 2 121
11 29 53
11 30 31
11 40 279
11 4 8764
11 19 239
11 27 85
11 25 30
11 5 370
11 28 1
11 14 71
11 8 110
11 26 981
11 10 1282
11 16 19401
11 39 692
11 15 146
11 3 122
11 7 324
11 23 202
11 21 782
11 18 1812
11 12 8
11 1 602
13 30 3
13 39 4
13 25 8
13 6 475
13 22 1589
13 32 63
13 23 229
13 1 754
13 16 6
13 14 2519
13 4 1679
13 18 387
13 12 6
13 37 17
13 31 5
13 9 5
13 26 173
13 24 87
13 11 89
13 10 1453
13 7 238
13 40 14
13 27 67
13 15 107
13 2 277
13 19 44
13 3 92
13 8 82
13 5 26605
14 6 32
14 4 202
14 1 145
14 13 2519
14 30 1
14 25 4
14 26 22
14 11 71
14 15 136
14 40 65
14 22 84
14 5 1574
14 7 304
14 16 4
14 2 79
14 18 233
14 12 8
14 23 22
14 24 44
14 32 56
14 19 62
14 31 2
14 10 487
14 37 19
14 8 108
14 3 124
14 27 2
17 9 5446
17 40 6
17 10 39
17 3 231
17 7 54
17 8 1
17 4 19
17 37 6
17 1 59
17 15 136
17 2 1
19 29 8920
19 14 62
19 28 180
19 27 19
19 18 43019
19 38 1
19 7 1657
19 26 172
19 12 42
19 37 21
19 30 1
19 31 13
19 6 223
19 2 351
19 16 22
19 11 239
19 15 745
19 32 221
19 10 1151
19 13 44
19 1 571
19 9 30
19 3 645
19 5 1520
19 8 573
19 25 3
19 40 9
19 24 925
19 4 628
20 9 23
20 40 66
20 8 26
20 7 8
20 10 8
20 6 368
20 3 14
20 33 708
20 15 33
20 2 4
20 37 38
24 6 384
24 3 2261
24 11 150
24 41 1209
24 42 601
24 40 64
24 10 4284
24 38 232
24 27 186
24 9 320
24 14 44
24 32 16519
24 16 79
24 8 2089
24 31 6452
24 1 1653
24 2 1211
24 37 87
24 5 41230
24 15 2870
24 19 925
24 12 150
24 7 6342
24 18 3685
24 4 2069
24 26 1723
24 29 155
24 13 87
22 11 7
22 14 84
22 2 7
22 13 1589
22 39 2
22 26 45
22 23 13
22 37 5
22 40 11
22 10 73
22 5 823
22 1 21
22 18 77
22 4 49
22 6 16
22 32 4
23 2 1
23 13 229
23 5 165
23 31 28
23 22 13
23 16 16
23 40 149
23 1 19
23 6 25
23 11 202
23 30 4
23 37 48
23 32 56
23 26 305
23 18 264
23 14 22
23 39 9
23 10 158
23 27 11
23 4 26
25 18 51
25 32 12
25 37 7
25 13 8
25 31 1
25 14 4
25 26 15
25 27 7
25 6 7
25 30 6623
25 34 5246
25 10 59
25 11 30
25 40 3
25 5 6
25 36 2640
25 1 124
25 35 2895
25 16 1141
25 19 3
25 4 820
26 13 173
26 32 22529
26 37 143
26 6 295
26 23 305
26 4 727
26 10 2242
26 5 15607
26 29 1
26 1 267
26 2 400
26 30 17
26 27 7034
26 9 125
26 8 700
26 15 975
26 11 981
26 16 122
26 39 141
26 22 45
26 12 50
26 40 419
26 18 2660
26 14 22
26 3 750
26 25 15
26 7 2151
26 31 1444
26 19 172
26 24 1723
27 31 30
27 40 18
27 30 7
27 5 5606
27 1 13
27 12 4
27 9 10
27 10 159
27 11 85
27 16 11
27 14 2
27 4 65
27 6 36
27 24 186
27 3 60
27 15 78
27 29 1
27 32 408
27 19 19
27 2 32
27 7 172
27 8 56
27 26 7034
27 37 24
27 23 11
27 13 67
27 18 268
27 25 7
39 10 71
39 37 7
39 26 141
39 5 26
39 23 9
39 18 81
39 1 5
39 13 4
39 6 1
39 40 8
39 31 7
39 22 2
39 21 2
39 11 692
39 32 2
39 16 79
28 19 180
28 29 52
28 18 237
28 11 1
28 6 1
28 1 1
37 2 137
37 7 34
37 9 18
37 1 128
37 10 134
37 20 38
37 38 2
37 14 19
37 32 68
37 40 68
37 39 7
37 25 7
37 27 24
37 16 17
37 18 262
37 4 21
37 24 87
37 6 107
37 31 59
37 30 9
37 8 20
37 11 179
37 26 143
37 19 21
37 13 17
37 23 48
37 22 5
37 5 126
37 15 58
37 17 6
37 33 74
37 3 54
41 31 7956
41 5 3820
41 32 1092
41 42 741
41 1 156
41 24 1209
41 29 195
31 10 157
31 19 13
31 14 2
31 9 10
31 23 28
31 37 59
31 27 30
31 15 78
31 3 60
31 32 9579
31 29 1023
31 12 4
31 40 46
31 42 3876
31 13 5
31 1 876
31 24 6452
31 11 94
31 39 7
31 4 54
31 6 15
31 7 172
31 25 1
31 2 32
31 5 19484
31 16 16
31 26 1444
31 41 7956
31 8 56
31 18 253
32 42 532
32 37 68
32 23 56
32 29 140
32 13 63
32 22 4
32 27 408
32 2 372
32 16 32
32 31 9579
32 18 1401
32 7 1938
32 8 640
32 41 1092
32 4 644
32 10 1634
32 5 16768
32 30 3
32 15 877
32 38 92
32 39 2
32 26 22529
32 9 95
32 14 56
32 11 229
32 25 12
32 19 221
32 24 16519
32 3 694
32 1 670
32 6 147
32 40 97
32 12 46
42 24 601
42 1 76
42 31 3876
42 32 532
42 41 741
42 29 95
42 5 1759
34 1 403
34 16 3949
34 25 5246
34 36 8752
34 4 2831
34 35 9923
34 30 21777
35 36 4810
35 1 222
35 16 2155
35 30 12011
35 25 2895
35 4 1554
35 34 9923
38 5 165
38 37 2
38 19 1
38 32 92
38 24 232
