*Vertices  10
1 "177" box
2 "750" box
3 "754" box
4 "1448" box
5 "665" box
6 "1439" box
7 "1449" box
8 "2342" box
9 "189" box
10 "249" box
*Edges
1 2 241
1 4 786
1 8 34
1 6 125
1 7 2552
1 9 202
9 4 2595
9 6 235
9 2 6346
9 5 42
9 1 202
9 7 10749
9 8 9516
9 10 353
9 3 513
10 3 53
10 2 229
10 5 10
10 9 353
10 8 85
5 8 3
5 9 42
5 3 1
5 10 10
5 2 11
2 7 8396
2 9 6346
2 4 2030
2 1 241
2 5 11
2 10 229
2 3 367
2 8 2705
2 6 160
3 10 53
3 2 367
3 8 73
3 5 1
3 9 513
3 7 1
6 2 160
6 4 1457
6 8 153
6 7 2592
6 1 125
6 9 235
4 2 2030
4 6 1457
4 1 786
4 8 491
4 7 31109
4 9 2595
7 4 31109
7 9 10749
7 8 1331
7 1 2552
7 3 1
7 6 2592
7 2 8396
8 10 85
8 9 9516
8 1 34
8 7 1331
8 3 73
8 5 3
8 4 491
8 2 2705
8 6 153
