*Vertices  7
1 "430" box
2 "738" box
3 "443" box
4 "1644" box
5 "1645" box
6 "413" box
7 "1652" box
*Edges
6 3 415
6 2 154
6 4 304
6 5 53
6 1 49
1 6 49
1 3 372
1 4 17
1 7 12
3 4 3037
3 5 350
3 1 372
3 6 415
3 2 977
2 6 154
2 3 977
2 4 1963
2 5 216
4 6 304
4 5 676
4 3 3037
4 1 17
4 2 1963
5 3 350
5 2 216
5 6 53
5 4 676
7 1 12
