*Vertices  30
1 "177" box
2 "179" box
3 "182" box
4 "185" box
5 "189" box
6 "193" box
7 "197" box
8 "319" box
9 "249" box
10 "659" box
11 "245" box
12 "663" box
13 "665" box
14 "247" box
15 "668" box
16 "411" box
17 "670" box
18 "724" box
19 "693" box
20 "443" box
21 "1448" box
22 "1449" box
23 "1644" box
24 "1645" box
25 "413" box
26 "1439" box
27 "1702" box
28 "756" box
29 "234" box
30 "1445" box
*Edges
1 20 334
1 6 455
1 16 216
1 22 432
1 18 19
1 14 318
1 11 74
1 7 769
1 2 734
1 24 141
1 3 1015
1 30 156
1 13 30
1 26 128
1 19 852
1 25 177
1 10 247
1 12 414
1 23 136
1 4 1612
1 5 1558
1 28 4
1 8 16
1 21 796
1 15 2
1 17 211
1 9 1634
1 29 57
2 14 858
2 12 138
2 16 66
2 29 184
2 22 306
2 1 734
2 17 117
2 13 10
2 10 49
2 6 600
2 3 4268
2 26 137
2 18 1
2 11 219
2 5 1611
2 21 32
2 8 178
2 9 3170
2 7 3104
2 4 3190
2 19 500
3 5 1802
3 7 3807
3 1 1015
3 15 106
3 19 748
3 17 173
3 21 48
3 11 272
3 14 1079
3 2 4268
3 22 458
3 26 38
3 8 193
3 6 576
3 16 98
3 10 73
3 4 3571
3 9 3714
3 29 166
4 2 3190
4 12 966
4 10 104
4 6 1788
4 11 293
4 18 26
4 14 1171
4 7 3050
4 3 3571
4 20 1907
4 23 916
4 29 245
4 25 1180
4 26 21
4 21 54
4 17 209
4 19 853
4 8 31
4 24 940
4 1 1612
4 5 2777
4 9 3294
4 22 524
4 16 146
4 13 70
5 7 1530
5 10 89
5 29 42
5 2 1611
5 3 1802
5 19 18429
5 28 1
5 26 54
5 21 3393
5 1 1558
5 6 301
5 12 13524
5 4 2777
5 14 646
5 18 107
5 27 165
5 17 285
5 11 153
5 16 122
5 30 934
5 13 983
5 9 3096
5 22 816
6 2 600
6 7 326
6 21 15
6 18 22
6 12 276
6 26 101
6 4 1788
6 17 95
6 1 455
6 19 162
6 16 179
6 10 43
6 9 722
6 20 3
6 22 130
6 3 576
6 13 20
6 11 12
6 8 32
6 14 54
6 5 301
6 29 1115
7 9 2708
7 26 2
7 17 142
7 14 985
7 19 647
7 5 1530
7 2 3104
7 8 79
7 29 72
7 6 326
7 16 82
7 15 20
7 4 3050
7 10 62
7 11 250
7 3 3807
7 21 42
7 22 397
7 1 769
29 4 245
29 7 72
29 18 149
29 2 184
29 1 57
29 22 53
29 15 2
29 13 33
29 14 9
29 20 1
29 6 1115
29 21 46
29 8 20
29 16 166
29 19 27
29 3 166
29 26 68
29 5 42
29 10 137
29 17 2
29 28 8
29 11 2
29 9 609
11 1 74
11 4 293
11 6 12
11 22 38
11 5 153
11 29 2
11 14 102
11 9 211
11 7 250
11 17 14
11 21 4
11 2 219
11 19 62
11 3 272
11 16 8
11 10 6
14 22 171
14 4 1171
14 1 318
14 3 1079
14 9 947
14 2 858
14 5 646
14 10 27
14 17 63
14 6 54
14 16 36
14 11 102
14 19 279
14 29 9
14 7 985
14 21 18
9 17 354
9 14 947
9 2 3170
9 28 59
9 7 2708
9 4 3294
9 8 90
9 26 134
9 10 551
9 15 25
9 12 690
9 5 3096
9 29 609
9 6 722
9 1 1634
9 18 158
9 3 3714
9 16 788
9 19 1750
9 20 17
9 21 157
9 22 1312
9 13 125
9 11 211
8 15 38
8 4 31
8 7 79
8 29 20
8 9 90
8 3 193
8 6 32
8 2 178
8 1 16
8 26 10
16 11 8
16 22 112
16 20 25
16 2 66
16 10 314
16 13 6
16 21 60
16 28 18
16 1 216
16 14 36
16 4 146
16 7 82
16 3 98
16 26 121
16 19 62
16 17 8581
16 9 788
16 29 166
16 5 122
16 6 179
16 18 139
25 23 2697
25 20 6046
25 24 2773
25 4 1180
25 1 177
20 16 25
20 24 4483
20 26 9
20 1 334
20 22 1
20 25 6046
20 9 17
20 18 4
20 4 1907
20 6 3
20 23 4317
20 10 9
20 29 1
10 28 426
10 3 73
10 14 27
10 9 551
10 16 314
10 6 43
10 2 49
10 4 104
10 11 6
10 22 93
10 19 58
10 26 113
10 5 89
10 17 9
10 7 62
10 18 136
10 21 70
10 20 9
10 1 247
10 29 137
12 2 138
12 1 414
12 9 690
12 13 1380
12 4 966
12 6 276
12 5 13524
12 18 138
13 2 10
13 9 125
13 12 1380
13 18 10
13 29 33
13 1 30
13 4 70
13 6 20
13 5 983
13 16 6
15 7 20
15 1 2
15 8 38
15 29 2
15 3 106
15 9 25
15 26 2
17 11 14
17 1 211
17 29 2
17 14 63
17 19 98
17 9 354
17 10 9
17 16 8581
17 6 95
17 4 209
17 5 285
17 2 117
17 7 142
17 22 54
17 3 173
17 21 4
19 1 852
19 11 62
19 21 5390
19 5 18429
19 4 853
19 26 35
19 17 98
19 6 162
19 22 1184
19 7 647
19 10 58
19 3 748
19 30 1131
19 9 1750
19 2 500
19 27 193
19 29 27
19 16 62
19 14 279
18 26 48
18 13 10
18 20 4
18 16 139
18 28 7
18 9 158
18 12 138
18 6 22
18 10 136
18 1 19
18 21 28
18 4 26
18 22 35
18 5 107
18 2 1
18 29 149
28 21 6
28 26 5
28 18 7
28 29 8
28 1 4
28 9 59
28 16 18
28 5 1
28 10 426
26 27 2
26 15 2
26 22 58
26 6 101
26 16 121
26 3 38
26 18 48
26 21 59
26 2 137
26 7 2
26 28 5
26 1 128
26 29 68
26 20 9
26 8 10
26 19 35
26 5 54
26 10 113
26 9 134
26 4 21
30 5 934
30 21 7176
30 22 312
30 19 1131
30 1 156
21 28 6
21 2 32
21 19 5390
21 4 54
21 7 42
21 11 4
21 5 3393
21 1 796
21 18 28
21 6 15
21 3 48
21 26 59
21 16 60
21 14 18
21 9 157
21 29 46
21 30 7176
21 10 70
21 22 4781
21 17 4
22 16 112
22 26 58
22 14 171
22 17 54
22 18 35
22 21 4781
22 19 1184
22 2 306
22 7 397
22 10 93
22 4 524
22 1 432
22 30 312
22 20 1
22 29 53
22 27 89
22 11 38
22 3 458
22 9 1312
22 5 816
22 6 130
23 20 4317
23 4 916
23 24 2115
23 25 2697
23 1 136
24 20 4483
24 1 141
24 4 940
24 23 2115
24 25 2773
27 5 165
27 26 2
27 19 193
27 22 89
