*Vertices  10
1 "177" box
2 "750" box
3 "754" box
4 "1448" box
5 "665" box
6 "1439" box
7 "1449" box
8 "2342" box
9 "189" box
10 "249" box
*Edges
1 3 23
1 4 786
1 2 304
1 8 34
1 9 202
1 7 2552
1 6 125
9 5 42
9 1 202
9 3 1015
9 7 10766
9 6 235
9 8 9518
9 4 2598
9 10 353
9 2 7420
10 5 10
10 9 353
10 3 136
10 8 85
10 2 234
5 2 11
5 9 42
5 8 3
5 3 2
5 10 10
2 3 1009
2 4 2518
2 1 304
2 9 7420
2 5 11
2 8 3424
2 10 234
2 6 184
2 7 10253
3 4 739
3 8 153
3 7 1439
3 10 136
3 1 23
3 2 1009
3 6 4
3 9 1015
3 5 2
6 9 235
6 4 1457
6 2 184
6 8 153
6 3 4
6 7 2592
6 1 125
4 9 2598
4 1 786
4 7 31109
4 8 491
4 3 739
4 2 2518
4 6 1457
7 2 10253
7 1 2552
7 4 31109
7 3 1439
7 8 1331
7 9 10766
7 6 2592
8 3 153
8 5 3
8 1 34
8 9 9518
8 10 85
8 6 153
8 2 3424
8 4 491
8 7 1331
