*Vertices  31
1 "177" box
2 "179" box
3 "182" box
4 "185" box
5 "189" box
6 "193" box
7 "197" box
8 "319" box
9 "249" box
10 "659" box
11 "245" box
12 "663" box
13 "665" box
14 "247" box
15 "668" box
16 "411" box
17 "670" box
18 "724" box
19 "693" box
20 "738" box
21 "443" box
22 "1448" box
23 "1449" box
24 "1644" box
25 "1645" box
26 "413" box
27 "1439" box
28 "1702" box
29 "756" box
30 "234" box
31 "1445" box
*Edges
1 30 57
1 12 549
1 25 222
1 29 4
1 6 493
1 21 337
1 5 1806
1 17 347
1 8 71
1 19 986
1 4 1648
1 14 516
1 13 36
1 24 148
1 22 852
1 18 19
1 2 734
1 15 3
1 23 540
1 31 156
1 27 128
1 26 183
1 20 3
1 16 245
1 9 1730
1 3 1223
1 11 74
1 7 947
1 10 272
2 12 201
2 18 1
2 6 600
2 23 356
2 5 1790
2 22 32
2 7 3602
2 4 3199
2 19 582
2 11 219
2 30 184
2 1 734
2 10 49
2 17 202
2 8 178
2 16 98
2 3 4858
2 9 3238
2 27 137
2 13 10
2 14 1311
3 11 337
3 2 4858
3 17 358
3 22 58
3 6 617
3 1 1223
3 10 88
3 12 60
3 16 176
3 8 257
3 19 1050
3 14 2053
3 9 4404
3 30 171
3 4 4326
3 27 49
3 7 5178
3 15 107
3 5 2441
3 23 642
4 13 70
4 17 364
4 11 293
4 24 1045
4 10 104
4 27 21
4 30 260
4 16 210
4 19 996
4 18 26
4 22 54
4 7 3703
4 12 1231
4 2 3199
4 9 3418
4 3 4326
4 23 613
4 5 3116
4 1 1648
4 25 1554
4 26 1281
4 21 2023
4 14 1814
4 8 31
4 20 21
4 6 2034
5 28 165
5 23 8421
5 30 43
5 3 2441
5 4 3116
5 14 1144
5 27 89
5 19 21577
5 22 5609
5 18 125
5 7 2102
5 11 169
5 17 497
5 12 19297
5 31 1246
5 6 343
5 10 96
5 9 3606
5 13 1154
5 2 1790
5 16 178
5 29 1
5 1 1806
6 3 617
6 5 343
6 14 90
6 4 2034
6 16 208
6 18 22
6 13 25
6 9 726
6 27 101
6 12 334
6 30 1199
6 10 43
6 8 32
6 7 356
6 19 180
6 22 15
6 23 136
6 2 600
6 17 113
6 21 3
6 11 12
6 1 493
7 2 3602
7 1 947
7 22 52
7 10 77
7 11 306
7 9 3337
7 15 20
7 16 154
7 27 2
7 6 356
7 30 77
7 3 5178
7 17 302
7 23 568
7 5 2102
7 14 1853
7 4 3703
7 8 79
7 12 50
7 19 930
30 5 43
30 18 149
30 7 77
30 15 2
30 19 30
30 2 184
30 21 1
30 11 2
30 29 8
30 13 38
30 17 2
30 3 171
30 22 46
30 8 20
30 4 260
30 9 609
30 10 137
30 23 54
30 6 1199
30 14 15
30 16 168
30 1 57
30 27 68
11 2 219
11 16 12
11 7 306
11 4 293
11 14 156
11 10 6
11 17 24
11 5 169
11 30 2
11 22 4
11 9 219
11 19 72
11 3 337
11 6 12
11 23 44
11 1 74
11 12 4
14 7 1853
14 9 1636
14 1 516
14 16 90
14 19 540
14 10 45
14 23 330
14 30 15
14 17 180
14 22 30
14 5 1144
14 2 1311
14 3 2053
14 12 30
14 6 90
14 4 1814
14 11 156
9 30 609
9 5 3606
9 18 158
9 1 1730
9 12 935
9 3 4404
9 2 3238
9 22 157
9 21 17
9 23 1479
9 16 926
9 11 219
9 7 3337
9 10 555
9 19 2040
9 13 146
9 4 3418
9 6 726
9 8 297
9 14 1636
9 17 626
9 29 59
9 15 25
9 27 134
8 7 79
8 15 60
8 30 20
8 1 71
8 2 178
8 4 31
8 9 297
8 6 32
8 27 10
8 3 257
16 6 208
16 1 245
16 23 156
16 21 25
16 19 132
16 14 90
16 11 12
16 13 14
16 17 11530
16 4 210
16 9 926
16 30 168
16 18 140
16 29 18
16 3 176
16 2 98
16 27 135
16 22 64
16 7 154
16 12 4
16 5 178
16 10 319
26 20 166
26 1 183
26 21 6318
26 25 4514
26 4 1281
26 24 3031
21 1 337
21 10 9
21 25 7125
21 4 2023
21 26 6318
21 18 4
21 9 17
21 16 25
21 24 4752
21 23 1
21 20 306
21 27 9
21 30 1
21 6 3
10 12 2
10 1 272
10 5 96
10 29 451
10 9 555
10 21 9
10 2 49
10 17 14
10 13 6
10 16 319
10 11 6
10 19 66
10 27 113
10 23 97
10 7 77
10 4 104
10 14 45
10 22 70
10 3 88
10 18 136
10 6 43
10 30 137
12 1 549
12 7 50
12 3 60
12 4 1231
12 9 935
12 10 2
12 23 8
12 17 20
12 5 19297
12 6 334
12 2 201
12 13 1670
12 19 12
12 16 4
12 14 30
12 11 4
12 18 167
13 12 1670
13 4 70
13 22 1
13 1 36
13 30 38
13 2 10
13 10 6
13 27 9
13 18 14
13 16 14
13 6 25
13 5 1154
13 23 12
13 9 146
15 8 60
15 30 2
15 1 3
15 3 107
15 7 20
15 27 2
15 9 25
17 12 20
17 7 302
17 10 14
17 1 347
17 4 364
17 22 4
17 9 626
17 19 144
17 11 24
17 16 11530
17 6 113
17 30 2
17 23 89
17 14 180
17 5 497
17 2 202
17 3 358
19 3 1050
19 11 72
19 22 5802
19 27 39
19 30 30
19 5 21577
19 12 12
19 17 144
19 14 540
19 6 180
19 28 193
19 23 5270
19 7 930
19 10 66
19 31 1131
19 2 582
19 16 132
19 4 996
19 9 2040
19 1 986
18 5 125
18 2 1
18 12 167
18 1 19
18 22 28
18 16 140
18 10 136
18 23 36
18 9 158
18 13 14
18 6 22
18 30 149
18 4 26
18 27 48
18 21 4
18 29 7
20 21 306
20 4 21
20 24 59
20 25 82
20 1 3
20 26 166
29 5 1
29 1 4
29 18 7
29 16 18
29 9 59
29 27 5
29 22 6
29 10 451
29 30 8
27 9 134
27 5 89
27 10 113
27 3 49
27 4 21
27 15 2
27 7 2
27 8 10
27 30 68
27 22 59
27 28 2
27 2 137
27 18 48
27 13 9
27 16 135
27 23 60
27 1 128
27 6 101
27 21 9
27 19 39
27 29 5
31 23 390
31 22 7722
31 1 156
31 19 1131
31 5 1246
22 11 4
22 18 28
22 10 70
22 19 5802
22 23 5555
22 9 157
22 1 852
22 30 46
22 5 5609
22 16 64
22 4 54
22 2 32
22 17 4
22 14 30
22 27 59
22 3 58
22 13 1
22 7 52
22 31 7722
22 29 6
22 6 15
23 6 136
23 31 390
23 2 356
23 10 97
23 11 44
23 30 54
23 13 12
23 4 613
23 19 5270
23 16 156
23 12 8
23 5 8421
23 28 89
23 9 1479
23 27 60
23 3 642
23 18 36
23 7 568
23 1 540
23 21 1
23 22 5555
23 14 330
23 17 89
24 20 59
24 25 3630
24 21 4752
24 26 3031
24 4 1045
24 1 148
25 21 7125
25 24 3630
25 20 82
25 1 222
25 26 4514
25 4 1554
28 19 193
28 23 89
28 5 165
28 27 2
