*Vertices  10
1 "177" box
2 "189" box
3 "234" box
4 "193" box
5 "411" box
6 "693" box
7 "443" box
8 "1439" box
9 "1445" box
10 "1448" box
*Edges
1 5 11
1 4 322
1 8 748
1 3 22
1 2 2057
1 10 120
1 9 2840
1 6 290
2 1 2057
2 10 2326
2 9 10040
2 6 3999
2 8 3486
4 1 322
4 3 12319
3 1 22
3 4 12319
5 1 11
5 8 5
6 8 634
6 1 290
6 2 3999
6 9 2732
6 10 963
8 5 5
8 6 634
8 10 177
8 1 748
8 9 14413
8 2 3486
9 10 484
9 1 2840
9 2 10040
9 6 2732
9 8 14413
10 1 120
10 2 2326
10 6 963
10 9 484
10 8 177
