*Vertices  10
1 "177" box
2 "750" box
3 "754" box
4 "1448" box
5 "665" box
6 "1439" box
7 "1449" box
8 "2342" box
9 "189" box
10 "249" box
*Edges
1 7 2552
1 6 125
1 9 202
1 2 232
1 8 34
1 4 786
9 5 42
9 6 235
9 2 5882
9 1 202
9 7 10749
9 10 353
9 3 408
9 4 2595
9 8 9516
10 2 223
10 8 85
10 5 10
10 3 39
10 9 353
5 10 10
5 8 3
5 9 42
5 2 11
5 3 1
2 6 151
2 1 232
2 9 5882
2 8 2401
2 5 11
2 10 223
2 7 7935
2 3 278
2 4 1911
3 9 408
3 8 61
3 10 39
3 2 278
3 5 1
6 9 235
6 1 125
6 7 2592
6 4 1457
6 8 153
6 2 151
4 1 786
4 8 491
4 2 1911
4 9 2595
4 6 1457
4 7 31109
7 4 31109
7 6 2592
7 1 2552
7 8 1331
7 9 10749
7 2 7935
8 7 1331
8 9 9516
8 4 491
8 2 2401
8 3 61
8 10 85
8 6 153
8 5 3
8 1 34
