*Vertices  9
1 "177" box
2 "189" box
3 "234" box
4 "193" box
5 "411" box
6 "693" box
7 "443" box
8 "1439" box
9 "1445" box
*Edges
1 4 312
1 3 22
1 9 2840
1 2 1943
1 6 24
1 5 3
1 8 748
2 1 1943
2 6 405
2 9 9803
2 8 3342
4 1 312
4 3 9334
3 1 22
3 4 9334
5 8 5
5 1 3
6 2 405
6 8 28
6 9 66
6 1 24
8 1 748
8 5 5
8 2 3342
8 9 14413
8 6 28
9 6 66
9 2 9803
9 8 14413
9 1 2840
