*Vertices  18
1 "177" box
2 "189" box
3 "234" box
4 "193" box
5 "663" box
6 "411" box
7 "670" box
8 "693" box
9 "249" box
10 "412" box
11 "443" box
12 "1439" box
13 "1445" box
14 "1448" box
15 "1449" box
16 "665" box
17 "1456" box
18 "610" box
*Edges
1 16 124
1 9 8
1 8 350
1 10 5
1 17 350
1 15 181
1 6 31
1 12 748
1 4 718
1 3 28
1 2 2984
1 7 129
1 14 1100
1 13 2840
2 10 65
2 6 27
2 12 5513
2 9 23
2 13 19826
2 8 7581
2 17 4873
2 14 25937
2 5 26
2 15 3612
2 1 2984
2 7 153
2 16 231
4 1 718
4 3 16937
4 18 182
4 3 122882
3 4 122882
3 4 16937
3 1 28
3 3 7205
3 3 7205
3 7 2
3 18 12
9 16 13
9 1 8
9 2 23
9 6 1
9 5 1
6 16 9
6 7 166
6 12 25
6 2 27
6 1 31
6 9 1
6 5 1
10 12 16
10 1 5
10 13 32
10 8 3
10 2 65
10 14 13
10 15 6
10 17 109
18 3 12
18 4 182
5 6 1
5 9 1
5 16 8
5 2 26
16 6 9
16 2 231
16 7 6
16 5 8
16 1 124
16 9 13
7 16 6
7 6 166
7 2 153
7 3 2
7 1 129
7 12 165
8 1 350
8 10 3
8 12 829
8 2 7581
8 13 3788
8 17 926
8 14 6431
8 15 824
12 15 907
12 7 165
12 13 14413
12 2 5513
12 1 748
12 8 829
12 10 16
12 17 1301
12 6 25
12 14 4342
13 1 2840
13 10 32
13 12 14413
13 17 5851
13 2 19826
13 15 5161
13 8 3788
13 14 21447
14 1 1100
14 15 4929
14 8 6431
14 10 13
14 13 21447
14 2 25937
14 12 4342
14 17 5030
15 13 5161
15 1 181
15 10 6
15 14 4929
15 17 946
15 8 824
15 12 907
15 2 3612
17 10 109
17 13 5851
17 1 350
17 15 946
17 14 5030
17 2 4873
17 12 1301
17 8 926
