*Vertices  11
1 "177" box
2 "189" box
3 "234" box
4 "193" box
5 "411" box
6 "693" box
7 "443" box
8 "1439" box
9 "1445" box
10 "1448" box
11 "1449" box
*Edges
1 11 29
1 3 26
1 4 416
1 8 748
1 9 2840
1 5 14
1 6 338
1 2 2073
1 10 244
2 10 4040
2 1 2073
2 8 3490
2 6 5379
2 9 10045
2 11 188
4 1 416
4 3 28960
3 1 26
3 4 28960
5 1 14
5 8 10
6 2 5379
6 1 338
6 9 3545
6 10 1984
6 11 99
6 8 796
8 9 14413
8 11 224
8 6 796
8 1 748
8 2 3490
8 5 10
8 10 711
9 1 2840
9 8 14413
9 11 1194
9 6 3545
9 10 3186
9 2 10045
10 6 1984
10 1 244
10 9 3186
10 2 4040
10 8 711
10 11 138
11 8 224
11 1 29
11 10 138
11 2 188
11 9 1194
11 6 99
