*Vertices  9
1 "177" box
2 "197" box
3 "247" box
4 "411" box
5 "670" box
6 "765" box
7 "443" box
8 "1439" box
9 "182" box
*Edges
1 4 623
1 5 27
1 7 17
1 8 75
9 3 442
9 2 128
9 4 176
2 9 128
2 3 24
2 4 7
3 4 35
3 2 24
3 9 442
4 9 176
4 3 35
4 2 7
4 7 46
4 1 623
4 5 2616
4 8 267
7 4 46
7 5 22
7 8 3
7 1 17
5 1 27
5 8 6
5 4 2616
5 7 22
8 1 75
8 7 3
8 5 6
8 4 267
