*Vertices  44
1 "177" box
2 "179" box
3 "182" box
4 "185" box
5 "189" box
6 "193" box
7 "197" box
8 "251" box
9 "319" box
10 "249" box
11 "659" box
12 "245" box
13 "663" box
14 "665" box
15 "247" box
16 "430" box
17 "668" box
18 "411" box
19 "670" box
20 "671" box
21 "415" box
22 "721" box
23 "724" box
24 "693" box
25 "738" box
26 "750" box
27 "754" box
28 "760" box
29 "765" box
30 "412" box
31 "443" box
32 "1448" box
33 "1449" box
34 "610" box
35 "1644" box
36 "1645" box
37 "413" box
38 "1652" box
39 "1439" box
40 "1702" box
41 "756" box
42 "234" box
43 "1445" box
44 "1456" box
*Edges
1 4 1767
1 8 1235
1 2 734
1 33 670
1 15 1274
1 43 156
1 14 145
1 11 605
1 24 1653
1 32 876
1 23 19
1 30 111
1 27 17
1 34 293
1 7 3302
1 29 39
1 35 403
1 16 310
1 41 17
1 12 74
1 9 220
1 31 549
1 19 692
1 6 636
1 36 222
1 10 1778
1 21 41
1 5 3014
1 25 124
1 39 128
1 13 754
1 3 1286
1 18 711
1 37 195
1 42 57
1 17 87
1 44 76
1 22 21
1 26 267
2 22 7
2 24 1211
2 39 137
2 14 79
2 1 734
2 41 4
2 20 4
2 32 32
2 17 1
2 21 12
2 13 277
2 16 52
2 18 980
2 4 3230
2 10 3272
2 29 32
2 12 219
2 5 2622
2 26 400
2 19 436
2 9 964
2 15 5240
2 34 132
2 3 5674
2 8 3573
2 23 1
2 27 48
2 6 601
2 11 121
2 7 11855
2 42 184
2 33 372
3 7 17069
3 33 694
3 11 122
3 34 241
3 12 350
3 10 4969
3 5 3942
3 20 14
3 24 2261
3 9 1510
3 13 92
3 39 54
3 42 274
3 26 750
3 1 1286
3 32 60
3 29 60
3 4 4526
3 18 1833
3 6 685
3 17 231
3 8 5418
3 2 5674
3 19 800
3 27 90
3 14 124
3 16 61
3 15 6621
4 36 1554
4 9 274
4 12 293
4 19 783
4 10 3481
4 29 55
4 15 4792
4 14 202
4 1 1767
4 6 2878
4 35 2831
4 2 3230
4 39 21
4 25 820
4 8 4356
4 13 1679
4 17 91
4 32 54
4 41 28
4 18 1825
4 11 8764
4 24 2069
4 22 49
4 42 315
4 34 2928
4 33 644
4 3 4526
4 21 1872
4 27 95
4 23 26
4 7 13141
4 31 3575
4 37 1365
4 5 4490
4 16 4351
4 26 727
5 12 261
5 7 11752
5 24 41458
5 40 165
5 4 4490
5 15 4345
5 18 1974
5 34 345
5 16 111
5 19 1900
5 41 490
5 2 2622
5 13 26607
5 3 3942
5 44 1892
5 9 322
5 26 15607
5 14 1578
5 42 108
5 29 50
5 25 6
5 33 16968
5 30 992
5 22 823
5 23 165
5 1 3014
5 8 4303
5 10 5918
5 43 4093
5 27 8759
5 6 407
5 11 372
5 39 126
5 32 20912
5 31 5
6 5 407
6 1 636
6 39 107
6 9 125
6 24 384
6 34 4412
6 26 295
6 33 147
6 29 26
6 20 368
6 12 12
6 16 12
6 22 16
6 11 93
6 23 25
6 4 2878
6 32 15
6 14 32
6 30 70
6 42 1598
6 41 9
6 10 756
6 15 483
6 13 475
6 27 51
6 3 685
6 19 224
6 25 7
6 18 803
6 31 3
6 8 291
6 2 601
6 7 834
7 2 11855
7 24 7156
7 17 145
7 42 218
7 41 1
7 15 17543
7 3 17069
7 26 2426
7 20 62
7 21 15
7 33 2187
7 18 6242
7 30 50
7 1 3302
7 16 204
7 11 421
7 34 96
7 4 13141
7 9 1754
7 27 421
7 6 834
7 32 194
7 10 11252
7 39 34
7 14 344
7 5 11752
7 13 269
7 19 2341
7 8 16615
7 29 219
7 12 1098
42 11 279
42 9 92
42 1 57
42 34 418
42 6 1598
42 7 218
42 16 26
42 26 419
42 12 2
42 22 11
42 19 9
42 2 184
42 20 66
42 4 315
42 18 635
42 5 108
42 23 149
42 33 97
42 13 14
42 29 13
42 31 1
42 27 22
42 39 68
42 8 86
42 24 64
42 10 609
42 17 6
42 25 3
42 3 274
42 15 90
42 32 46
42 14 65
42 41 8
12 2 219
12 32 4
12 5 261
12 15 386
12 3 350
12 27 6
12 42 2
12 9 10
12 7 1098
12 13 6
12 16 4
12 33 46
12 18 122
12 6 12
12 24 150
12 11 8
12 19 52
12 10 223
12 26 50
12 1 74
12 29 4
12 14 8
12 8 367
12 4 293
15 18 2364
15 4 4792
15 17 136
15 13 107
15 12 386
15 34 109
15 27 117
15 39 58
15 6 483
15 32 78
15 8 5913
15 2 5240
15 24 2870
15 3 6621
15 5 4345
15 19 915
15 33 877
15 42 90
15 26 975
15 1 1274
15 29 78
15 7 17543
15 20 33
15 11 146
15 16 73
15 9 608
15 14 136
15 10 4659
10 26 2242
10 9 1133
10 7 11252
10 3 4969
10 12 223
10 33 1634
10 16 147
10 5 5918
10 8 4121
10 19 1411
10 13 1453
10 41 91
10 1 1778
10 42 609
10 14 487
10 20 8
10 25 59
10 39 134
10 27 221
10 17 39
10 15 4659
10 29 246
10 11 1282
10 18 5430
10 31 40
10 6 756
10 4 3481
10 2 3272
10 34 66
10 32 157
10 24 4284
10 22 73
10 23 158
8 16 71
8 4 4356
8 13 106
8 15 5913
8 11 142
8 12 367
8 33 824
8 7 16615
8 17 1
8 27 133
8 34 99
8 24 2689
8 18 2258
8 3 5418
8 14 140
8 5 4303
8 39 20
8 19 926
8 29 77
8 2 3573
8 32 72
8 30 10
8 42 86
8 26 900
8 6 291
8 10 4121
8 1 1235
8 20 36
8 9 441
9 5 322
9 3 1510
9 42 92
9 18 370
9 8 441
9 11 10
9 26 125
9 20 199
9 15 608
9 6 125
9 16 5
9 39 18
9 2 964
9 32 10
9 27 65
9 1 220
9 19 30
9 7 1754
9 29 20
9 10 1133
9 13 5
9 12 10
9 33 179
9 4 274
9 30 45
9 24 1803
9 34 698
9 17 8616
18 27 436
18 2 980
18 29 1118
18 20 16
18 7 6242
18 13 390
18 32 256
18 16 185
18 10 5430
18 24 3749
18 39 263
18 4 1825
18 6 803
18 11 1849
18 26 2690
18 25 52
18 31 75
18 22 78
18 30 19364
18 12 122
18 21 5
18 42 635
18 8 2258
18 41 93
18 1 711
18 14 234
18 15 2364
18 23 264
18 3 1833
18 19 50988
18 9 370
18 33 1422
18 34 17
18 5 1974
30 34 53
30 43 390
30 9 45
30 1 111
30 44 190
30 7 50
30 18 19364
30 27 11
30 24 310
30 5 992
30 6 70
30 33 280
30 32 2043
30 11 74
30 26 1
30 20 31
30 8 10
30 19 13389
30 29 362
37 25 2640
37 1 195
37 4 1365
37 16 4095
37 36 4810
37 35 8752
37 31 11122
21 18 5
21 41 18
21 4 1872
21 11 6524
21 2 12
21 1 41
21 16 1129
21 7 15
21 19 2
16 39 17
16 37 4095
16 35 8505
16 1 310
16 21 1129
16 29 2
16 26 122
16 10 147
16 3 61
16 9 5
16 7 204
16 36 4671
16 41 79
16 27 15
16 25 2467
16 11 19560
16 8 71
16 23 16
16 42 26
16 4 4351
16 32 16
16 14 4
16 15 73
16 6 12
16 2 52
16 12 4
16 18 185
16 19 27
16 24 79
16 38 366
16 33 32
16 13 6
16 5 111
16 31 10378
31 23 4
31 27 10
31 14 1
31 10 40
31 19 1
31 13 3
31 35 22045
31 33 3
31 34 1
31 37 11122
31 1 549
31 29 3
31 26 17
31 42 1
31 5 5
31 25 6701
31 38 62
31 6 3
31 36 12159
31 11 31
31 18 75
31 39 9
31 4 3575
31 16 10378
34 6 4412
34 5 345
34 25 1
34 20 1105
34 14 1
34 30 53
34 29 4
34 2 132
34 3 241
34 4 2928
34 27 5
34 26 2
34 11 9
34 8 99
34 42 418
34 17 1
34 1 293
34 7 96
34 15 109
34 24 2463
34 18 17
34 33 142
34 10 66
34 13 2
34 31 1
34 9 698
34 39 74
11 2 121
11 5 372
11 10 1282
11 29 77
11 22 7
11 3 122
11 26 981
11 12 8
11 30 74
11 8 142
11 41 695
11 23 202
11 15 146
11 24 150
11 32 94
11 27 112
11 33 229
11 16 19560
11 1 605
11 18 1849
11 13 89
11 9 10
11 21 6524
11 19 251
11 6 93
11 42 279
11 25 30
11 4 8764
11 7 421
11 31 31
11 14 71
11 34 9
11 39 179
13 12 6
13 18 390
13 26 173
13 6 475
13 31 3
13 22 1589
13 14 2519
13 5 26607
13 8 106
13 24 87
13 27 104
13 10 1453
13 29 25
13 7 269
13 3 92
13 39 17
13 32 5
13 9 5
13 15 107
13 19 54
13 1 754
13 41 912
13 25 8
13 33 63
13 4 1679
13 42 14
13 23 229
13 11 89
13 16 6
13 2 277
13 34 2
14 11 71
14 18 234
14 7 344
14 34 1
14 22 84
14 10 487
14 26 22
14 1 145
14 4 202
14 16 4
14 5 1578
14 12 8
14 8 140
14 13 2519
14 32 2
14 3 124
14 31 1
14 6 32
14 33 56
14 42 65
14 25 4
14 23 22
14 27 2
14 39 19
14 24 44
14 15 136
14 19 82
14 2 79
14 41 44
14 29 14
17 4 91
17 15 136
17 10 39
17 3 231
17 1 87
17 9 8616
17 7 145
17 42 6
17 8 1
17 2 1
17 39 6
17 34 1
19 7 2341
19 16 27
19 18 50988
19 5 1900
19 6 224
19 9 30
19 14 82
19 30 13389
19 24 980
19 25 3
19 29 567
19 27 28
19 26 172
19 33 241
19 31 1
19 4 783
19 32 13
19 2 436
19 13 54
19 1 692
19 3 800
19 42 9
19 8 926
19 12 52
19 11 251
19 21 2
19 39 21
19 40 1
19 10 1411
19 15 915
20 39 38
20 10 8
20 29 2
20 3 14
20 2 4
20 42 66
20 34 1105
20 8 36
20 9 199
20 7 62
20 18 16
20 24 3
20 15 33
20 27 12
20 6 368
20 30 31
24 39 87
24 44 601
24 6 384
24 1 1653
24 11 150
24 40 232
24 3 2261
24 33 16519
24 26 1723
24 27 283
24 32 6452
24 18 3749
24 29 128
24 2 1211
24 42 64
24 19 980
24 8 2689
24 5 41458
24 7 7156
24 20 3
24 14 44
24 13 87
24 12 150
24 34 2463
24 9 1803
24 30 310
24 15 2870
24 43 1209
24 16 79
24 4 2069
24 10 4284
22 11 7
22 4 49
22 10 73
22 42 11
22 41 30
22 5 823
22 6 16
22 33 4
22 14 84
22 39 5
22 2 7
22 1 21
22 13 1589
22 18 78
22 23 13
22 26 45
23 13 229
23 26 305
23 31 4
23 16 16
23 22 13
23 1 19
23 33 56
23 18 264
23 2 1
23 42 149
23 10 158
23 11 202
23 32 28
23 14 22
23 41 13
23 5 165
23 4 26
23 27 11
23 6 25
23 39 48
25 16 2467
25 18 52
25 39 7
25 32 1
25 35 5246
25 37 2640
25 6 7
25 1 124
25 33 12
25 19 3
25 13 8
25 34 1
25 10 59
25 29 7
25 27 10
25 5 6
25 4 820
25 11 30
25 14 4
25 31 6701
25 42 3
25 36 2895
25 26 15
26 30 1
26 34 2
26 22 45
26 7 2426
26 2 400
26 8 900
26 16 122
26 39 143
26 42 419
26 5 15607
26 29 74
26 1 267
26 25 15
26 33 22529
26 13 173
26 9 125
26 32 1444
26 15 975
26 12 50
26 31 17
26 11 981
26 23 305
26 14 22
26 4 727
26 24 1723
26 27 10874
26 10 2242
26 19 172
26 18 2690
26 6 295
26 3 750
26 41 141
27 18 436
27 15 117
27 34 5
27 32 33
27 24 283
27 9 65
27 33 473
27 1 17
27 23 11
27 42 22
27 25 10
27 3 90
27 4 95
27 11 112
27 8 133
27 13 104
27 12 6
27 10 221
27 39 34
27 2 48
27 19 28
27 5 8759
27 30 11
27 29 16
27 26 10874
27 7 421
27 20 12
27 6 51
27 31 10
27 16 15
27 14 2
41 6 9
41 21 18
41 42 8
41 4 28
41 26 141
41 2 4
41 7 1
41 16 79
41 18 93
41 5 490
41 22 30
41 23 13
41 14 44
41 1 17
41 13 912
41 11 695
41 33 2
41 39 7
41 32 7
41 10 91
29 42 13
29 34 4
29 8 77
29 25 7
29 1 39
29 9 20
29 13 25
29 26 74
29 31 3
29 12 4
29 14 14
29 4 55
29 33 77
29 32 8
29 15 78
29 18 1118
29 5 50
29 30 362
29 3 60
29 27 16
29 20 2
29 24 128
29 10 246
29 2 32
29 39 17
29 16 2
29 7 219
29 6 26
29 19 567
29 11 77
39 31 9
39 11 179
39 20 38
39 9 18
39 5 126
39 24 87
39 25 7
39 40 2
39 16 17
39 27 34
39 34 74
39 1 128
39 42 68
39 6 107
39 18 263
39 4 21
39 2 137
39 33 68
39 14 19
39 17 6
39 22 5
39 3 54
39 8 20
39 29 17
39 10 134
39 23 48
39 13 17
39 7 34
39 19 21
39 26 143
39 32 59
39 41 7
39 15 58
43 33 1092
43 5 4093
43 44 741
43 30 390
43 32 7956
43 24 1209
43 1 156
32 39 59
32 30 2043
32 3 60
32 5 20912
32 43 7956
32 13 5
32 2 32
32 12 4
32 44 3876
32 41 7
32 42 46
32 11 94
32 24 6452
32 8 72
32 9 10
32 7 194
32 10 157
32 6 15
32 4 54
32 33 9579
32 27 33
32 18 256
32 16 16
32 15 78
32 23 28
32 14 2
32 19 13
32 29 8
32 1 876
32 25 1
32 26 1444
33 34 142
33 7 2187
33 10 1634
33 44 532
33 26 22529
33 1 670
33 27 473
33 41 2
33 25 12
33 31 3
33 24 16519
33 43 1092
33 4 644
33 12 46
33 5 16968
33 32 9579
33 9 179
33 16 32
33 3 694
33 15 877
33 6 147
33 13 63
33 2 372
33 22 4
33 42 97
33 11 229
33 8 824
33 40 92
33 14 56
33 30 280
33 23 56
33 39 68
33 29 77
33 19 241
33 18 1422
44 30 190
44 43 741
44 32 3876
44 24 601
44 33 532
44 1 76
44 5 1892
35 37 8752
35 1 403
35 31 22045
35 25 5246
35 16 8505
35 4 2831
35 36 9923
36 31 12159
36 37 4810
36 35 9923
36 16 4671
36 4 1554
36 25 2895
36 1 222
38 31 62
38 16 366
40 19 1
40 24 232
40 39 2
40 5 165
40 33 92
