*Vertices  8
1 "430" box
2 "738" box
3 "443" box
4 "1644" box
5 "1645" box
6 "413" box
7 "1652" box
8 "1653" box
*Edges
6 3 712
6 5 69
6 1 388
6 2 170
6 4 357
6 7 127
1 2 25
1 5 12
1 3 1351
1 6 388
1 4 126
1 7 16581
1 8 30
3 1 1351
3 7 433
3 8 11
3 6 712
3 4 4566
3 5 548
3 2 1366
2 4 1963
2 6 170
2 1 25
2 3 1366
2 5 216
4 2 1963
4 1 126
4 7 20
4 5 676
4 3 4566
4 6 357
5 2 216
5 4 676
5 3 548
5 1 12
5 6 69
7 8 28
7 1 16581
7 6 127
7 3 433
7 4 20
8 1 30
8 7 28
8 3 11
