*Vertices  11
1 "177" box
2 "750" box
3 "754" box
4 "1448" box
5 "665" box
6 "1439" box
7 "1977" box
8 "1449" box
9 "2342" box
10 "189" box
11 "249" box
*Edges
1 2 410
1 3 335
1 4 786
1 10 202
1 9 34
1 8 2552
1 6 125
1 7 2
10 11 353
10 5 42
10 8 10769
10 7 21
10 1 202
10 6 235
10 4 2600
10 3 10153
10 2 8887
10 9 9518
11 10 353
11 3 307
11 2 286
11 5 10
11 9 85
5 11 10
5 2 11
5 10 42
5 9 3
5 3 20
2 5 11
2 8 13027
2 10 8887
2 6 214
2 3 10328
2 1 410
2 7 41
2 4 3317
2 11 286
2 9 4412
3 11 307
3 4 5395
3 1 335
3 10 10153
3 8 16335
3 9 4579
3 5 20
3 6 201
3 2 10328
3 7 143
6 3 201
6 1 125
6 4 1457
6 7 1
6 10 235
6 2 214
6 9 153
6 8 2592
4 1 786
4 10 2600
4 8 31109
4 7 21
4 3 5395
4 9 491
4 2 3317
4 6 1457
8 10 10769
8 6 2592
8 9 1331
8 2 13027
8 1 2552
8 3 16335
8 7 53
8 4 31109
7 8 53
7 6 1
7 2 41
7 3 143
7 9 4
7 10 21
7 1 2
7 4 21
9 11 85
9 3 4579
9 7 4
9 5 3
9 4 491
9 2 4412
9 6 153
9 8 1331
9 1 34
9 10 9518
