*Vertices  11
1 "177" box
2 "189" box
3 "234" box
4 "193" box
5 "411" box
6 "693" box
7 "443" box
8 "1439" box
9 "1445" box
10 "1448" box
11 "1449" box
*Edges
1 11 64
1 3 28
1 4 431
1 8 748
1 9 2840
1 5 14
1 6 338
1 2 2073
1 10 265
2 10 4138
2 1 2073
2 8 3490
2 6 5383
2 9 10045
2 11 300
4 1 431
4 3 31541
3 1 28
3 4 31541
5 1 14
5 8 10
6 2 5383
6 1 338
6 9 3545
6 10 2037
6 11 152
6 8 796
8 9 14413
8 11 370
8 6 796
8 1 748
8 2 3490
8 5 10
8 10 843
9 1 2840
9 8 14413
9 11 2170
9 6 3545
9 10 4052
9 2 10045
10 6 2037
10 1 265
10 9 4052
10 2 4138
10 8 843
10 11 264
11 8 370
11 1 64
11 10 264
11 2 300
11 9 2170
11 6 152
