*Vertices  28
1 "177" box
2 "179" box
3 "182" box
4 "185" box
5 "189" box
6 "193" box
7 "197" box
8 "319" box
9 "249" box
10 "659" box
11 "663" box
12 "665" box
13 "668" box
14 "411" box
15 "670" box
16 "724" box
17 "693" box
18 "443" box
19 "1448" box
20 "1449" box
21 "1644" box
22 "1645" box
23 "413" box
24 "1439" box
25 "1702" box
26 "756" box
27 "234" box
28 "1445" box
*Edges
1 20 370
1 7 599
1 26 4
1 14 199
1 17 698
1 9 1024
1 16 19
1 11 285
1 22 12
1 4 1241
1 27 57
1 2 734
1 23 168
1 3 832
1 6 379
1 5 1462
1 13 2
1 21 106
1 28 156
1 19 562
1 8 6
1 24 128
1 18 277
1 15 74
1 10 178
2 9 2573
2 19 32
2 1 734
2 6 600
2 24 137
2 7 1968
2 5 1570
2 16 1
2 27 184
2 11 95
2 15 16
2 8 178
2 14 66
2 4 2411
2 20 242
2 10 32
2 17 324
2 3 3031
3 7 1937
3 15 20
3 2 3031
3 27 110
3 17 404
3 10 40
3 20 302
3 13 28
3 6 322
3 24 32
3 9 2119
3 8 115
3 1 832
3 19 40
3 5 1509
3 4 2095
3 14 82
4 22 68
4 7 1704
4 16 25
4 11 570
4 2 2411
4 8 31
4 17 396
4 23 952
4 6 1232
4 24 21
4 9 1769
4 5 1934
4 20 296
4 21 608
4 18 1299
4 14 114
4 27 197
4 19 38
4 10 57
4 3 2095
4 1 1241
4 15 19
5 25 165
5 19 2349
5 16 83
5 1 1462
5 20 445
5 17 14737
5 14 120
5 9 2060
5 7 1242
5 28 934
5 6 253
5 15 88
5 2 1570
5 27 42
5 10 55
5 12 3
5 11 7030
5 3 1509
5 24 54
5 26 1
5 4 1934
6 15 76
6 18 3
6 27 947
6 8 32
6 9 641
6 16 22
6 14 160
6 7 107
6 2 600
6 5 253
6 11 190
6 1 379
6 17 96
6 4 1232
6 10 43
6 24 101
6 3 322
6 19 15
6 20 106
7 17 336
7 27 34
7 20 253
7 8 40
7 4 1704
7 19 34
7 2 1968
7 5 1242
7 13 1
7 14 66
7 10 34
7 1 599
7 3 1937
7 9 1325
7 6 107
7 15 17
27 2 184
27 17 16
27 24 68
27 10 137
27 3 110
27 14 166
27 26 8
27 19 46
27 18 1
27 9 527
27 6 947
27 13 2
27 12 33
27 1 57
27 8 20
27 5 42
27 15 1
27 20 49
27 16 149
27 4 197
27 7 34
9 6 641
9 19 137
9 17 896
9 11 475
9 13 24
9 7 1325
9 10 469
9 26 59
9 14 640
9 2 2573
9 4 1769
9 16 144
9 24 92
9 5 2060
9 12 63
9 3 2119
9 15 58
9 18 17
9 20 897
9 1 1024
9 8 63
9 27 527
8 2 178
8 24 10
8 13 34
8 7 40
8 4 31
8 1 6
8 27 20
8 3 115
8 9 63
8 6 32
14 2 66
14 15 6172
14 3 82
14 17 40
14 26 18
14 4 114
14 27 166
14 5 120
14 19 59
14 10 311
14 7 66
14 1 199
14 20 102
14 18 25
14 16 139
14 6 160
14 24 115
14 12 6
14 9 640
23 22 224
23 21 2002
23 18 4508
23 4 952
23 1 168
18 22 304
18 1 277
18 23 4508
18 14 25
18 9 17
18 24 9
18 10 9
18 6 3
18 27 1
18 20 1
18 21 2684
18 16 4
18 4 1299
10 1 178
10 3 40
10 14 311
10 7 34
10 15 2
10 16 136
10 24 113
10 27 137
10 20 83
10 17 32
10 19 70
10 26 381
10 6 43
10 4 57
10 2 32
10 18 9
10 9 469
10 5 55
11 4 570
11 2 95
11 6 190
11 9 475
11 1 285
11 5 7030
11 16 95
12 27 33
12 5 3
12 14 6
12 9 63
13 27 2
13 7 1
13 3 28
13 9 24
13 24 2
13 1 2
13 8 34
15 3 20
15 10 2
15 5 88
15 6 76
15 9 58
15 4 19
15 20 13
15 27 1
15 19 2
15 14 6172
15 17 29
15 2 16
15 1 74
15 7 17
17 15 29
17 1 698
17 6 96
17 24 30
17 25 169
17 7 336
17 20 448
17 14 40
17 4 396
17 27 16
17 3 404
17 28 1131
17 10 32
17 5 14737
17 9 896
17 19 3686
17 2 324
16 19 28
16 2 1
16 10 136
16 20 33
16 18 4
16 14 139
16 11 95
16 5 83
16 24 48
16 1 19
16 26 7
16 4 25
16 27 149
16 9 144
16 6 22
26 27 8
26 5 1
26 16 7
26 19 6
26 9 59
26 14 18
26 24 5
26 1 4
26 10 381
24 2 137
24 5 54
24 20 54
24 8 10
24 10 113
24 19 59
24 13 2
24 9 92
24 26 5
24 17 30
24 27 68
24 1 128
24 16 48
24 3 32
24 4 21
24 18 9
24 25 2
24 6 101
24 14 115
28 17 1131
28 1 156
28 5 934
28 19 4914
28 20 312
19 20 3725
19 27 46
19 16 28
19 6 15
19 10 70
19 26 6
19 5 2349
19 17 3686
19 9 137
19 4 38
19 15 2
19 2 32
19 28 4914
19 14 59
19 7 34
19 1 562
19 24 59
19 3 40
20 24 54
20 17 448
20 19 3725
20 14 102
20 4 296
20 2 242
20 28 312
20 10 83
20 6 106
20 3 302
20 1 370
20 5 445
20 7 253
20 27 49
20 9 897
20 15 13
20 18 1
20 16 33
21 1 106
21 23 2002
21 4 608
21 22 140
21 18 2684
22 23 224
22 18 304
22 1 12
22 21 140
22 4 68
25 17 169
25 24 2
25 5 165
