*Vertices  32
1 "177" box
2 "179" box
3 "182" box
4 "185" box
5 "189" box
6 "193" box
7 "197" box
8 "319" box
9 "249" box
10 "659" box
11 "245" box
12 "663" box
13 "665" box
14 "247" box
15 "668" box
16 "411" box
17 "670" box
18 "724" box
19 "693" box
20 "738" box
21 "443" box
22 "1448" box
23 "1449" box
24 "1644" box
25 "1645" box
26 "413" box
27 "1439" box
28 "1702" box
29 "756" box
30 "234" box
31 "1445" box
32 "1456" box
*Edges
1 13 135
1 5 1996
1 29 4
1 4 1696
1 21 346
1 27 128
1 23 670
1 26 183
1 2 734
1 7 1428
1 17 397
1 18 19
1 30 57
1 6 551
1 25 222
1 31 156
1 32 8
1 9 1778
1 10 303
1 14 840
1 8 121
1 3 1276
1 19 1157
1 12 709
1 22 876
1 16 330
1 20 100
1 11 74
1 15 5
1 24 277
2 27 137
2 23 372
2 14 2855
2 12 250
2 19 791
2 18 1
2 13 79
2 15 1
2 4 3213
2 1 734
2 30 184
2 16 211
2 6 601
2 5 1979
2 17 219
2 10 49
2 8 637
2 7 5412
2 11 219
2 9 3272
2 3 5635
2 22 32
3 13 124
3 15 197
3 22 60
3 7 7723
3 10 91
3 19 1477
3 16 393
3 27 54
3 23 694
3 14 3933
3 8 1063
3 30 274
3 4 4471
3 17 401
3 2 5635
3 5 2833
3 11 347
3 1 1276
3 9 4945
3 6 679
3 12 62
4 3 4471
4 13 201
4 12 1575
4 17 396
4 22 54
4 7 5548
4 26 1281
4 9 3481
4 27 21
4 5 3426
4 25 1554
4 23 644
4 6 2436
4 30 280
4 21 2086
4 1 1696
4 20 652
4 11 293
4 8 178
4 18 26
4 14 3041
4 10 111
4 19 1351
4 24 1948
4 16 451
4 15 1
4 2 3213
5 19 25894
5 29 1
5 13 1455
5 32 70
5 12 25186
5 23 12289
5 9 4197
5 7 3634
5 6 386
5 18 131
5 28 165
5 1 1996
5 21 5
5 8 66
5 11 190
5 27 122
5 4 3426
5 31 1597
5 17 648
5 30 52
5 16 438
5 2 1979
5 10 134
5 3 2833
5 22 7693
5 20 6
5 14 2079
6 22 15
6 8 86
6 20 7
6 1 551
6 5 386
6 4 2436
6 12 445
6 16 297
6 7 484
6 9 734
6 18 23
6 23 147
6 19 252
6 30 1343
6 2 601
6 3 679
6 10 56
6 13 27
6 11 12
6 27 105
6 21 3
6 14 269
6 17 138
7 3 7723
7 27 16
7 6 484
7 15 35
7 8 477
7 23 912
7 9 4972
7 16 514
7 30 94
7 14 4777
7 5 3634
7 19 1946
7 1 1428
7 2 5412
7 10 118
7 12 76
7 11 459
7 4 5548
7 17 499
7 22 80
7 13 152
30 27 68
30 15 6
30 21 1
30 23 97
30 8 63
30 13 60
30 1 57
30 2 184
30 5 52
30 7 94
30 20 3
30 22 46
30 16 292
30 14 62
30 19 42
30 9 609
30 17 5
30 29 8
30 18 149
30 11 2
30 4 280
30 3 274
30 12 11
30 6 1343
30 10 181
11 30 2
11 16 26
11 9 223
11 6 12
11 23 46
11 10 6
11 8 6
11 22 4
11 17 26
11 7 459
11 2 219
11 4 293
11 13 8
11 12 4
11 5 190
11 14 249
11 1 74
11 19 98
11 3 347
14 19 1211
14 17 304
14 12 46
14 3 3933
14 5 2079
14 1 840
14 7 4777
14 16 319
14 4 3041
14 6 269
14 13 92
14 30 62
14 23 567
14 10 73
14 15 5
14 11 249
14 22 50
14 27 26
14 9 2955
14 2 2855
14 8 226
9 10 703
9 14 2955
9 23 1634
9 1 1778
9 20 59
9 22 157
9 16 1630
9 17 707
9 11 223
9 13 409
9 18 158
9 15 31
9 19 2800
9 30 609
9 21 17
9 4 3481
9 29 59
9 5 4197
9 6 734
9 27 134
9 7 4972
9 3 4945
9 12 1283
9 2 3272
9 8 798
8 5 66
8 16 30
8 6 86
8 1 121
8 17 6
8 15 148
8 19 126
8 22 6
8 4 178
8 14 226
8 9 798
8 10 6
8 3 1063
8 30 63
8 11 6
8 7 477
8 27 10
8 23 57
8 2 637
16 30 292
16 21 27
16 3 393
16 4 451
16 1 330
16 10 459
16 12 39
16 17 17585
16 13 81
16 9 1630
16 2 211
16 6 297
16 7 514
16 22 82
16 11 26
16 5 438
16 27 150
16 23 359
16 19 441
16 20 25
16 18 160
16 14 319
16 29 18
16 8 30
26 24 5654
26 4 1281
26 20 1996
26 1 183
26 21 6501
26 25 4514
21 5 5
21 25 7347
21 12 1
21 30 1
21 6 3
21 18 4
21 4 2086
21 20 3345
21 24 9159
21 10 9
21 27 9
21 9 17
21 26 6501
21 17 1
21 1 346
21 16 27
21 23 1
10 12 32
10 4 111
10 27 125
10 6 56
10 16 459
10 19 91
10 1 303
10 5 134
10 21 9
10 11 6
10 14 73
10 23 145
10 2 49
10 13 15
10 9 703
10 30 181
10 17 23
10 8 6
10 7 118
10 3 91
10 20 10
10 22 80
10 29 536
10 18 168
12 14 46
12 29 4
12 10 32
12 2 250
12 18 218
12 22 2
12 16 39
12 17 25
12 27 13
12 23 33
12 3 62
12 6 445
12 11 4
12 21 1
12 19 14
12 1 709
12 9 1283
12 7 76
12 20 5
12 5 25186
12 30 11
12 13 2388
12 4 1575
13 3 124
13 30 60
13 14 92
13 23 38
13 6 27
13 7 152
13 12 2388
13 16 81
13 18 15
13 20 1
13 5 1455
13 17 45
13 4 201
13 11 8
13 2 79
13 22 1
13 27 9
13 9 409
13 1 135
13 10 15
13 19 28
15 2 1
15 9 31
15 4 1
15 8 148
15 14 5
15 7 35
15 3 197
15 27 6
15 1 5
15 30 6
17 19 205
17 21 1
17 27 7
17 2 219
17 1 397
17 12 25
17 16 17585
17 8 6
17 3 401
17 14 304
17 6 138
17 22 5
17 5 648
17 10 23
17 9 707
17 20 3
17 4 396
17 11 26
17 23 111
17 30 5
17 13 45
17 7 499
19 32 58
19 23 11689
19 12 14
19 7 1946
19 27 57
19 11 98
19 13 28
19 3 1477
19 17 205
19 4 1351
19 2 791
19 8 126
19 1 1157
19 14 1211
19 6 252
19 9 2800
19 28 208
19 22 6000
19 31 1131
19 16 441
19 10 91
19 5 25894
19 30 42
18 1 19
18 23 56
18 4 26
18 5 131
18 12 218
18 2 1
18 6 23
18 9 158
18 21 4
18 10 168
18 27 48
18 16 160
18 29 7
18 30 149
18 13 15
18 22 28
20 24 2862
20 27 7
20 22 1
20 5 6
20 23 12
20 9 59
20 12 5
20 21 3345
20 26 1996
20 30 3
20 6 7
20 10 10
20 1 100
20 13 1
20 25 2302
20 4 652
20 16 25
20 17 3
29 1 4
29 18 7
29 30 8
29 16 18
29 27 5
29 10 536
29 12 4
29 22 6
29 23 2
29 5 1
29 9 59
27 2 137
27 5 122
27 22 59
27 4 21
27 9 134
27 14 26
27 18 48
27 23 68
27 19 57
27 15 6
27 7 16
27 29 5
27 21 9
27 1 128
27 17 7
27 10 125
27 28 2
27 6 105
27 30 68
27 16 150
27 20 7
27 8 10
27 3 54
27 12 13
27 13 9
31 1 156
31 32 78
31 22 7956
31 5 1597
31 23 1092
31 19 1131
22 7 80
22 1 876
22 32 408
22 12 2
22 19 6000
22 20 1
22 10 80
22 23 9579
22 17 5
22 14 50
22 2 32
22 6 15
22 8 6
22 11 4
22 13 1
22 30 46
22 5 7693
22 4 54
22 9 157
22 3 60
22 29 6
22 16 82
22 31 7956
22 27 59
22 18 28
23 20 12
23 5 12289
23 14 567
23 17 111
23 6 147
23 13 38
23 27 68
23 29 2
23 16 359
23 10 145
23 12 33
23 18 56
23 11 46
23 9 1634
23 7 912
23 1 670
23 28 92
23 30 97
23 31 1092
23 3 694
23 8 57
23 21 1
23 32 56
23 4 644
23 19 11689
23 2 372
23 22 9579
32 5 70
32 31 78
32 23 56
32 22 408
32 19 58
32 1 8
24 26 5654
24 4 1948
24 25 6815
24 20 2862
24 21 9159
24 1 277
25 20 2302
25 21 7347
25 1 222
25 24 6815
25 26 4514
25 4 1554
28 23 92
28 27 2
28 5 165
28 19 208
