*Vertices  41
1 "177" box
2 "179" box
3 "182" box
4 "185" box
5 "189" box
6 "193" box
7 "197" box
8 "251" box
9 "319" box
10 "249" box
11 "659" box
12 "245" box
13 "663" box
14 "665" box
15 "247" box
16 "430" box
17 "668" box
18 "411" box
19 "670" box
20 "671" box
21 "721" box
22 "724" box
23 "693" box
24 "738" box
25 "750" box
26 "754" box
27 "765" box
28 "412" box
29 "443" box
30 "1448" box
31 "1449" box
32 "610" box
33 "1644" box
34 "1645" box
35 "413" box
36 "1439" box
37 "1702" box
38 "756" box
39 "234" box
40 "1445" box
41 "1456" box
*Edges
1 18 674
1 6 631
1 9 206
1 31 670
1 32 158
1 24 124
1 3 1286
1 14 145
1 30 876
1 12 74
1 25 267
1 40 156
1 28 61
1 22 19
1 15 1274
1 5 2962
1 10 1778
1 17 51
1 23 1653
1 8 853
1 29 543
1 19 571
1 27 1
1 38 5
1 16 154
1 4 1762
1 41 76
1 21 21
1 33 403
1 35 195
1 36 128
1 26 9
1 34 222
1 13 754
1 39 57
1 11 589
1 7 2655
1 2 734
2 22 1
2 18 964
2 23 1211
2 20 4
2 30 32
2 13 277
2 32 132
2 25 400
2 8 2594
2 7 10094
2 36 137
2 19 351
2 16 52
2 10 3272
2 31 372
2 1 734
2 9 964
2 39 184
2 26 16
2 3 5674
2 21 7
2 14 79
2 5 2605
2 6 601
2 17 1
2 4 3230
2 15 5240
2 12 219
2 11 117
3 1 1286
3 31 694
3 11 122
3 12 350
3 32 163
3 18 1803
3 14 124
3 13 92
3 5 3911
3 39 274
3 17 231
3 30 60
3 10 4969
3 16 61
3 4 4523
3 2 5674
3 26 30
3 6 685
3 23 2261
3 7 14252
3 36 54
3 25 750
3 15 6621
3 19 645
3 9 1497
3 20 14
3 8 3838
4 2 3230
4 18 1788
4 26 37
4 10 3481
4 8 3008
4 33 2831
4 9 274
4 5 4459
4 17 1
4 14 202
4 3 4523
4 24 820
4 36 21
4 31 644
4 34 1554
4 22 26
4 16 3259
4 19 628
4 30 54
4 11 8138
4 6 2828
4 39 310
4 23 2069
4 15 4792
4 7 10588
4 29 3533
4 1 1762
4 35 1365
4 32 1625
4 25 727
4 13 1679
4 12 293
4 21 49
5 4 4459
5 18 1947
5 15 4311
5 11 370
5 25 15607
5 31 16768
5 22 165
5 10 5866
5 26 4443
5 41 1759
5 24 6
5 39 108
5 37 165
5 12 259
5 9 115
5 36 126
5 14 1574
5 7 9404
5 29 5
5 13 26605
5 8 2924
5 30 19484
5 38 26
5 40 3820
5 1 2962
5 19 1520
5 16 110
5 23 41230
5 28 460
5 21 823
5 6 407
5 3 3911
5 2 2605
6 14 32
6 2 601
6 36 107
6 13 475
6 28 40
6 5 407
6 11 93
6 10 756
6 3 685
6 39 1583
6 23 384
6 19 223
6 24 7
6 30 15
6 16 12
6 32 2219
6 18 762
6 8 219
6 7 720
6 9 123
6 12 12
6 27 1
6 4 2828
6 21 16
6 31 147
6 29 3
6 20 320
6 25 295
6 1 631
6 22 25
6 26 27
6 38 1
6 15 483
7 20 8
7 13 214
7 15 14425
7 18 4652
7 8 9156
7 26 78
7 10 9179
7 39 199
7 30 156
7 14 272
7 23 5742
7 11 292
7 2 10094
7 16 148
7 5 9404
7 36 34
7 32 57
7 31 1754
7 12 892
7 3 14252
7 6 720
7 25 1951
7 1 2655
7 19 1489
7 17 54
7 9 1292
7 4 10588
39 36 68
39 14 65
39 29 1
39 12 2
39 15 90
39 7 199
39 20 57
39 3 274
39 21 11
39 19 9
39 24 3
39 23 64
39 11 279
39 31 97
39 4 310
39 9 92
39 17 6
39 5 108
39 18 634
39 25 419
39 13 14
39 2 184
39 16 26
39 32 281
39 8 74
39 38 8
39 10 609
39 6 1583
39 1 57
39 30 46
39 26 16
39 22 149
12 10 223
12 30 4
12 14 8
12 3 350
12 26 2
12 31 46
12 13 6
12 11 8
12 19 42
12 6 12
12 1 74
12 39 2
12 16 4
12 4 293
12 18 120
12 15 386
12 7 892
12 23 150
12 25 50
12 5 259
12 2 219
12 9 10
12 8 252
15 13 107
15 8 4149
15 36 58
15 4 4792
15 11 146
15 5 4311
15 12 386
15 9 608
15 26 39
15 14 136
15 6 483
15 23 2870
15 25 975
15 10 4659
15 3 6621
15 2 5240
15 16 73
15 20 33
15 31 877
15 19 745
15 18 2325
15 30 78
15 39 90
15 17 136
15 1 1274
15 7 14425
15 32 103
10 38 71
10 31 1634
10 16 147
10 14 487
10 39 609
10 5 5866
10 9 1105
10 22 158
10 32 32
10 21 73
10 24 59
10 30 157
10 36 134
10 11 1278
10 23 4284
10 4 3481
10 8 2841
10 13 1453
10 29 40
10 18 5342
10 19 1151
10 1 1778
10 3 4969
10 2 3272
10 17 39
10 15 4659
10 26 100
10 7 9179
10 6 756
10 25 2242
10 12 223
10 20 8
8 31 552
8 23 1800
8 36 20
8 6 219
8 3 3838
8 10 2841
8 32 83
8 18 1440
8 30 48
8 20 26
8 9 314
8 14 96
8 39 74
8 26 24
8 7 9156
8 11 96
8 16 48
8 12 252
8 13 72
8 25 600
8 19 504
8 15 4149
8 2 2594
8 17 1
8 4 3008
8 5 2924
8 1 853
9 25 125
9 1 206
9 3 1497
9 6 123
9 32 77
9 12 10
9 8 314
9 5 115
9 2 964
9 19 30
9 36 16
9 16 5
9 31 95
9 7 1292
9 11 10
9 39 92
9 13 5
9 23 320
9 4 274
9 15 608
9 20 20
9 17 4552
9 30 10
9 18 285
9 26 5
9 10 1105
18 21 77
18 39 634
18 7 4652
18 8 1440
18 27 230
18 36 260
18 16 184
18 4 1788
18 28 9189
18 10 5342
18 15 2325
18 6 762
18 11 1796
18 22 264
18 2 964
18 24 50
18 26 193
18 19 41718
18 14 233
18 38 81
18 13 387
18 3 1803
18 12 120
18 9 285
18 5 1947
18 25 2660
18 29 74
18 1 674
18 31 1401
18 23 3685
18 30 253
28 25 1
28 11 44
28 27 43
28 30 1023
28 18 9189
28 41 95
28 1 61
28 19 7237
28 40 195
28 5 460
28 26 1
28 6 40
28 23 155
28 31 140
35 1 195
35 4 1365
35 24 2640
35 34 4810
35 33 8752
35 16 715
35 29 10992
16 1 154
16 13 6
16 6 12
16 29 1797
16 9 5
16 3 61
16 25 122
16 34 821
16 18 184
16 7 148
16 5 110
16 11 19060
16 23 79
16 38 79
16 12 4
16 14 4
16 2 52
16 22 16
16 15 73
16 31 32
16 33 1523
16 4 3259
16 10 147
16 26 9
16 19 22
16 35 715
16 39 26
16 36 17
16 8 48
16 24 437
16 30 16
29 1 543
29 24 6622
29 6 3
29 39 1
29 5 5
29 26 6
29 34 12010
29 19 1
29 14 1
29 22 4
29 18 74
29 4 3533
29 31 3
29 25 17
29 11 31
29 36 9
29 16 1797
29 35 10992
29 10 40
29 33 21770
29 13 3
32 9 77
32 36 68
32 1 158
32 8 83
32 10 32
32 15 103
32 2 132
32 6 2219
32 20 599
32 7 57
32 3 163
32 4 1625
32 39 281
11 2 117
11 6 93
11 5 370
11 1 589
11 28 44
11 26 75
11 24 30
11 23 150
11 36 179
11 18 1796
11 9 10
11 16 19060
11 25 980
11 7 292
11 8 96
11 39 279
11 19 239
11 14 71
11 27 1
11 22 199
11 12 8
11 21 7
11 4 8138
11 38 687
11 30 94
11 10 1278
11 29 31
11 13 89
11 3 122
11 31 229
11 15 146
13 8 72
13 16 6
13 38 4
13 25 173
13 26 53
13 18 387
13 21 1589
13 4 1679
13 24 8
13 6 475
13 5 26605
13 30 5
13 1 754
13 9 5
13 10 1453
13 19 44
13 7 214
13 36 17
13 11 89
13 14 2519
13 29 3
13 12 6
13 23 87
13 3 92
13 2 277
13 31 63
13 22 229
13 15 107
13 39 14
14 12 8
14 16 4
14 23 44
14 18 233
14 22 22
14 6 32
14 36 19
14 8 96
14 25 22
14 26 2
14 29 1
14 1 145
14 11 71
14 31 56
14 24 4
14 10 487
14 4 202
14 21 84
14 19 62
14 30 2
14 2 79
14 39 65
14 7 272
14 3 124
14 13 2519
14 15 136
14 5 1574
17 9 4552
17 39 6
17 36 6
17 7 54
17 3 231
17 15 136
17 1 51
17 8 1
17 2 1
17 10 39
17 4 1
19 10 1151
19 3 645
19 11 239
19 8 504
19 6 223
19 12 42
19 5 1520
19 26 12
19 16 22
19 30 13
19 4 628
19 18 41718
19 7 1489
19 29 1
19 9 30
19 39 9
19 14 62
19 31 221
19 2 351
19 1 571
19 25 172
19 23 925
19 24 3
19 27 180
19 36 21
19 13 44
19 15 745
19 28 7237
19 37 1
20 3 14
20 9 20
20 39 57
20 8 26
20 10 8
20 7 8
20 36 32
20 6 320
20 32 599
20 15 33
20 2 4
23 40 1209
23 4 2069
23 26 110
23 2 1211
23 13 87
23 18 3685
23 25 1723
23 7 5742
23 30 6452
23 15 2870
23 5 41230
23 28 155
23 6 384
23 12 150
23 8 1800
23 3 2261
23 19 925
23 41 601
23 16 79
23 11 150
23 10 4284
23 14 44
23 9 320
23 1 1653
23 39 64
23 36 87
23 37 232
23 31 16519
21 25 45
21 22 13
21 5 823
21 1 21
21 11 7
21 38 2
21 4 49
21 39 11
21 2 7
21 31 4
21 13 1589
21 10 73
21 14 84
21 6 16
21 18 77
21 36 5
22 18 264
22 2 1
22 11 199
22 5 165
22 10 158
22 36 48
22 13 229
22 16 16
22 21 13
22 1 19
22 29 4
22 14 22
22 38 9
22 25 305
22 26 11
22 30 28
22 4 26
22 31 56
22 39 149
22 6 25
24 34 2895
24 6 7
24 11 30
24 29 6622
24 35 2640
24 26 6
24 10 59
24 33 5246
24 16 437
24 39 3
24 36 7
24 30 1
24 19 3
24 1 124
24 13 8
24 5 6
24 25 15
24 4 820
24 14 4
24 18 50
24 31 12
25 13 173
25 18 2660
25 10 2242
25 8 600
25 4 727
25 19 172
25 38 141
25 7 1951
25 36 143
25 39 419
25 14 22
25 6 295
25 15 975
25 3 750
25 1 267
25 31 22529
25 2 400
25 11 980
25 21 45
25 12 50
25 26 5627
25 29 17
25 5 15607
25 28 1
25 22 305
25 24 15
25 23 1723
25 9 125
25 16 122
25 30 1444
26 25 5627
26 12 2
26 30 28
26 9 5
26 15 39
26 2 16
26 7 78
26 10 100
26 18 193
26 23 110
26 24 6
26 5 4443
26 28 1
26 3 30
26 1 9
26 29 6
26 31 375
26 39 16
26 14 2
26 16 9
26 13 53
26 4 37
26 8 24
26 6 27
26 22 11
26 36 21
26 11 75
26 19 12
38 39 8
38 22 9
38 5 26
38 10 71
38 13 4
38 6 1
38 25 141
38 31 2
38 11 687
38 1 5
38 30 7
38 18 81
38 16 79
38 36 7
38 21 2
27 28 43
27 18 230
27 1 1
27 11 1
27 6 1
27 19 180
36 4 21
36 19 21
36 38 7
36 20 32
36 1 128
36 5 126
36 21 5
36 11 179
36 6 107
36 30 59
36 8 20
36 37 2
36 25 143
36 26 21
36 7 34
36 10 134
36 22 48
36 15 58
36 17 6
36 39 68
36 16 17
36 2 137
36 23 87
36 13 17
36 32 68
36 18 260
36 29 9
36 31 68
36 14 19
36 24 7
36 9 16
36 3 54
40 1 156
40 28 195
40 5 3820
40 31 1092
40 30 7956
40 41 741
40 23 1209
30 3 60
30 12 4
30 23 6452
30 9 10
30 11 94
30 28 1023
30 8 48
30 4 54
30 5 19484
30 24 1
30 41 3876
30 6 15
30 13 5
30 40 7956
30 38 7
30 16 16
30 10 157
30 15 78
30 39 46
30 22 28
30 25 1444
30 14 2
30 2 32
30 19 13
30 26 28
30 18 253
30 1 876
30 7 156
30 36 59
30 31 9579
31 26 375
31 5 16768
31 19 221
31 24 12
31 14 56
31 36 68
31 40 1092
31 23 16519
31 10 1634
31 21 4
31 25 22529
31 16 32
31 2 372
31 18 1401
31 4 644
31 39 97
31 11 229
31 3 694
31 41 532
31 6 147
31 22 56
31 37 92
31 15 877
31 38 2
31 13 63
31 29 3
31 7 1754
31 8 552
31 9 95
31 28 140
31 1 670
31 30 9579
31 12 46
41 23 601
41 5 1759
41 30 3876
41 1 76
41 28 95
41 31 532
41 40 741
33 35 8752
33 16 1523
33 4 2831
33 34 9923
33 24 5246
33 1 403
33 29 21770
34 29 12010
34 33 9923
34 35 4810
34 16 821
34 4 1554
34 24 2895
34 1 222
37 23 232
37 5 165
37 36 2
37 19 1
37 31 92
