*Vertices  31
1 "177" box
2 "179" box
3 "182" box
4 "185" box
5 "189" box
6 "193" box
7 "197" box
8 "319" box
9 "249" box
10 "659" box
11 "245" box
12 "663" box
13 "665" box
14 "247" box
15 "668" box
16 "411" box
17 "670" box
18 "724" box
19 "693" box
20 "738" box
21 "443" box
22 "1448" box
23 "1449" box
24 "1644" box
25 "1645" box
26 "413" box
27 "1439" box
28 "1702" box
29 "756" box
30 "234" box
31 "1445" box
*Edges
1 25 222
1 29 4
1 9 1778
1 2 734
1 24 256
1 8 95
1 31 156
1 27 128
1 18 19
1 3 1240
1 10 282
1 16 292
1 6 531
1 30 57
1 22 876
1 13 108
1 23 635
1 17 386
1 20 12
1 5 1991
1 4 1667
1 26 183
1 14 598
1 19 1080
1 12 601
1 7 1098
1 15 3
1 21 340
1 11 74
2 12 218
2 27 137
2 18 1
2 6 601
2 16 163
2 13 61
2 15 1
2 23 372
2 9 3272
2 3 5551
2 10 49
2 5 1979
2 11 219
2 22 32
2 8 637
2 14 2228
2 30 184
2 17 219
2 19 727
2 4 3206
2 7 4422
2 1 734
3 2 5551
3 16 293
3 13 90
3 27 51
3 8 1039
3 17 388
3 14 2869
3 11 337
3 4 4345
3 9 4834
3 22 58
3 30 273
3 6 667
3 15 197
3 5 2748
3 1 1240
3 19 1312
3 10 88
3 12 60
3 7 6110
3 23 671
4 1 1667
4 6 2206
4 21 2044
4 3 4345
4 30 265
4 10 111
4 17 396
4 27 21
4 24 1801
4 16 334
4 14 2186
4 20 85
4 26 1281
4 18 26
4 7 4290
4 2 3206
4 22 54
4 5 3426
4 23 644
4 9 3480
4 15 1
4 11 293
4 13 163
4 19 1243
4 8 178
4 12 1351
4 25 1554
5 28 165
5 11 190
5 21 5
5 1 1991
5 6 386
5 22 7475
5 18 131
5 16 369
5 14 1464
5 13 1296
5 9 4197
5 29 1
5 31 1558
5 10 134
5 30 52
5 8 66
5 19 23980
5 20 5
5 23 11258
5 4 3426
5 2 1979
5 12 21467
5 7 2749
5 3 2748
5 17 638
5 27 122
6 12 371
6 7 430
6 5 386
6 19 228
6 30 1293
6 18 23
6 2 601
6 11 12
6 22 15
6 13 25
6 4 2206
6 3 667
6 27 105
6 1 531
6 14 227
6 9 732
6 17 127
6 10 56
6 21 3
6 23 147
6 8 86
6 16 253
6 20 5
7 3 6110
7 4 4290
7 9 3966
7 6 430
7 16 304
7 2 4422
7 23 705
7 30 85
7 14 2715
7 10 91
7 5 2749
7 13 87
7 11 351
7 19 1381
7 22 62
7 8 448
7 15 35
7 17 381
7 12 58
7 27 16
7 1 1098
30 7 85
30 29 8
30 3 273
30 20 1
30 2 184
30 23 97
30 8 63
30 27 68
30 10 181
30 5 52
30 1 57
30 19 38
30 9 609
30 13 60
30 6 1293
30 4 265
30 12 1
30 15 6
30 16 284
30 11 2
30 14 55
30 18 149
30 17 5
30 22 46
30 21 1
11 12 4
11 3 337
11 17 26
11 8 6
11 2 219
11 9 223
11 6 12
11 22 4
11 16 20
11 19 90
11 4 293
11 30 2
11 5 190
11 1 74
11 7 351
11 14 176
11 23 46
11 13 6
11 10 6
14 16 174
14 19 796
14 27 26
14 13 48
14 5 1464
14 30 55
14 4 2186
14 9 2175
14 17 212
14 12 32
14 6 227
14 11 176
14 8 205
14 1 598
14 10 52
14 3 2869
14 23 406
14 2 2228
14 7 2715
14 22 36
14 15 5
9 11 223
9 7 3966
9 4 3480
9 22 157
9 16 1428
9 1 1778
9 18 158
9 29 59
9 30 609
9 10 703
9 21 17
9 2 3272
9 6 732
9 12 1079
9 17 707
9 3 4834
9 13 352
9 8 751
9 5 4197
9 14 2175
9 23 1633
9 27 134
9 19 2568
9 15 31
9 20 6
8 1 95
8 10 6
8 2 637
8 22 6
8 11 6
8 30 63
8 4 178
8 27 10
8 15 76
8 17 6
8 7 448
8 6 86
8 14 205
8 23 57
8 19 114
8 16 21
8 9 751
8 3 1039
8 5 66
16 2 163
16 4 334
16 27 141
16 1 292
16 8 21
16 18 155
16 9 1428
16 11 20
16 7 304
16 17 13798
16 23 292
16 12 19
16 6 253
16 30 284
16 13 76
16 10 448
16 19 287
16 14 174
16 3 293
16 20 19
16 21 27
16 22 71
16 29 18
16 5 369
26 1 183
26 25 4514
26 24 5227
26 4 1281
26 20 349
26 21 6379
21 17 1
21 16 27
21 1 340
21 30 1
21 4 2044
21 20 664
21 25 7199
21 18 4
21 5 5
21 26 6379
21 6 3
21 9 17
21 10 9
21 27 9
21 23 1
21 12 1
21 24 8293
10 19 83
10 17 23
10 11 6
10 13 14
10 4 111
10 6 56
10 14 52
10 18 168
10 21 9
10 8 6
10 16 448
10 12 24
10 3 88
10 29 515
10 7 91
10 20 5
10 5 134
10 1 282
10 2 49
10 30 181
10 23 145
10 27 125
10 9 703
10 22 80
12 20 1
12 29 4
12 19 14
12 2 218
12 10 24
12 6 371
12 13 1846
12 16 19
12 3 60
12 30 1
12 11 4
12 14 32
12 21 1
12 7 58
12 17 23
12 1 601
12 9 1079
12 27 3
12 4 1351
12 23 13
12 18 186
12 5 21467
13 27 9
13 5 1296
13 17 34
13 18 14
13 14 48
13 1 108
13 19 21
13 16 76
13 11 6
13 2 61
13 30 60
13 6 25
13 9 352
13 3 90
13 7 87
13 22 1
13 12 1846
13 4 163
13 10 14
13 23 34
15 9 31
15 14 5
15 8 76
15 1 3
15 30 6
15 3 197
15 2 1
15 4 1
15 7 35
15 27 6
17 8 6
17 3 388
17 20 2
17 23 109
17 30 5
17 5 638
17 21 1
17 2 219
17 6 127
17 19 195
17 27 7
17 16 13798
17 11 26
17 13 34
17 9 707
17 10 23
17 1 386
17 14 212
17 4 396
17 12 23
17 22 5
17 7 381
19 13 21
19 6 228
19 1 1080
19 5 23980
19 16 287
19 8 114
19 4 1243
19 17 195
19 31 1131
19 7 1381
19 27 55
19 30 38
19 23 8821
19 2 727
19 28 208
19 9 2568
19 12 14
19 14 796
19 3 1312
19 11 90
19 10 83
19 22 5992
18 29 7
18 6 23
18 4 26
18 13 14
18 30 149
18 9 158
18 22 28
18 5 131
18 1 19
18 23 56
18 12 186
18 16 155
18 10 168
18 2 1
18 27 48
18 21 4
20 9 6
20 1 12
20 6 5
20 26 349
20 5 5
20 16 19
20 17 2
20 30 1
20 27 3
20 4 85
20 25 304
20 10 5
20 12 1
20 23 1
20 21 664
20 24 350
29 23 2
29 5 1
29 10 515
29 22 6
29 18 7
29 12 4
29 1 4
29 30 8
29 9 59
29 27 5
29 16 18
27 14 26
27 15 6
27 16 141
27 28 2
27 20 3
27 5 122
27 1 128
27 22 59
27 21 9
27 6 105
27 29 5
27 13 9
27 19 55
27 9 134
27 4 21
27 3 51
27 10 125
27 12 3
27 23 68
27 30 68
27 8 10
27 18 48
27 17 7
27 7 16
27 2 137
31 22 7956
31 23 936
31 5 1558
31 1 156
31 19 1131
22 14 36
22 19 5992
22 2 32
22 18 28
22 7 62
22 13 1
22 17 5
22 3 58
22 8 6
22 9 157
22 6 15
22 16 71
22 1 876
22 27 59
22 31 7956
22 23 8659
22 30 46
22 10 80
22 29 6
22 5 7475
22 11 4
22 4 54
23 8 57
23 6 147
23 4 644
23 3 671
23 14 406
23 9 1633
23 22 8659
23 13 34
23 29 2
23 19 8821
23 2 372
23 18 56
23 21 1
23 5 11258
23 10 145
23 31 936
23 27 68
23 28 92
23 30 97
23 12 13
23 16 292
23 11 46
23 1 635
23 20 1
23 17 109
23 7 705
24 1 256
24 25 6294
24 4 1801
24 26 5227
24 20 350
24 21 8293
25 21 7199
25 1 222
25 4 1554
25 24 6294
25 26 4514
25 20 304
28 27 2
28 5 165
28 19 208
28 23 92
