*Vertices  8
1 "177" box
2 "1448" box
3 "665" box
4 "1439" box
5 "1449" box
6 "2342" box
7 "189" box
8 "249" box
*Edges
1 4 125
1 5 2531
1 7 153
1 6 10
1 2 786
7 1 153
7 3 19
7 2 2129
7 5 8082
7 4 195
7 8 189
7 6 3445
8 7 189
8 6 22
8 3 10
3 7 19
3 8 10
4 1 125
4 5 2568
4 7 195
4 2 1457
4 6 121
2 5 30854
2 7 2129
2 6 227
2 1 786
2 4 1457
5 7 8082
5 4 2568
5 1 2531
5 2 30854
5 6 534
6 2 227
6 7 3445
6 5 534
6 1 10
6 8 22
6 4 121
