*Vertices  9
1 "177" box
2 "182" box
3 "185" box
4 "179" box
5 "430" box
6 "415" box
7 "659" box
8 "756" box
9 "1972" box
*Edges
1 8 53
1 3 610
1 7 957
4 2 10
4 3 12
2 3 16
2 4 10
3 1 610
3 4 12
3 7 11103
3 2 16
3 5 892
3 6 2543
3 9 16
6 9 186
6 3 2543
6 7 26506
6 5 2680
5 3 892
5 6 2680
5 9 85
5 7 19427
7 3 11103
7 5 19427
7 8 1857
7 9 622
7 6 26506
7 1 957
8 1 53
8 7 1857
9 3 16
9 6 186
9 5 85
9 7 622
