*Vertices  11
1 "177" box
2 "189" box
3 "234" box
4 "193" box
5 "411" box
6 "693" box
7 "443" box
8 "1439" box
9 "1445" box
10 "1448" box
11 "1449" box
*Edges
1 8 748
1 5 14
1 4 409
1 3 24
1 10 230
1 2 2069
1 9 2840
1 6 338
2 6 5372
2 1 2069
2 8 3489
2 10 3789
2 9 10044
2 11 13
4 3 26200
4 1 409
3 4 26200
3 1 24
5 8 10
5 1 14
6 2 5372
6 11 19
6 10 1778
6 1 338
6 8 796
6 9 3545
8 2 3489
8 1 748
8 5 10
8 9 14413
8 6 796
8 10 636
9 2 10044
9 8 14413
9 1 2840
9 11 3
9 6 3545
9 10 2764
10 2 3789
10 11 10
10 6 1778
10 1 230
10 8 636
10 9 2764
11 10 10
11 2 13
11 9 3
11 6 19
