*Vertices  14
1 "177" box
2 "189" box
3 "234" box
4 "193" box
5 "663" box
6 "411" box
7 "670" box
8 "693" box
9 "443" box
10 "1439" box
11 "1445" box
12 "1448" box
13 "1449" box
14 "665" box
*Edges
1 14 8
1 10 748
1 6 17
1 4 605
1 3 28
1 12 1085
1 8 338
1 2 2425
1 11 2840
1 13 95
1 7 54
2 13 1013
2 7 4
2 1 2425
2 10 4034
2 11 12441
2 8 5977
2 12 16578
4 3 11865
4 1 605
4 3 102184
3 1 28
3 4 11865
3 3 6080
3 4 102184
3 3 6080
6 1 17
6 7 42
6 14 1
6 10 15
14 1 8
14 6 1
7 1 54
7 6 42
7 10 70
7 2 4
8 2 5977
8 13 303
8 1 338
8 11 3545
8 12 5866
8 10 796
10 2 4034
10 11 14413
10 13 488
10 6 15
10 7 70
10 12 4247
10 1 748
10 8 796
11 1 2840
11 2 12441
11 10 14413
11 12 21192
11 13 2854
11 8 3545
12 8 5866
12 10 4247
12 13 2106
12 1 1085
12 11 21192
12 2 16578
13 10 488
13 8 303
13 12 2106
13 11 2854
13 2 1013
13 1 95
