*Vertices  43
1 "177" box
2 "179" box
3 "182" box
4 "185" box
5 "189" box
6 "193" box
7 "197" box
8 "251" box
9 "319" box
10 "249" box
11 "659" box
12 "245" box
13 "663" box
14 "665" box
15 "247" box
16 "430" box
17 "668" box
18 "411" box
19 "670" box
20 "671" box
21 "415" box
22 "721" box
23 "724" box
24 "693" box
25 "738" box
26 "750" box
27 "754" box
28 "765" box
29 "412" box
30 "443" box
31 "1448" box
32 "1449" box
33 "610" box
34 "1644" box
35 "1645" box
36 "413" box
37 "1652" box
38 "1439" box
39 "1702" box
40 "756" box
41 "234" box
42 "1445" box
43 "1456" box
*Edges
1 9 220
1 41 57
1 11 605
1 16 310
1 6 636
1 36 195
1 17 87
1 5 3014
1 34 403
1 33 293
1 25 124
1 13 754
1 30 549
1 22 21
1 32 670
1 21 41
1 27 17
1 19 692
1 7 3302
1 40 17
1 3 1286
1 15 1274
1 23 19
1 28 39
1 4 1767
1 35 222
1 24 1653
1 38 128
1 12 74
1 14 145
1 26 267
1 31 876
1 18 711
1 42 156
1 2 734
1 29 111
1 8 1235
1 43 76
1 10 1778
2 11 121
2 14 79
2 22 7
2 17 1
2 5 2622
2 33 132
2 40 4
2 41 184
2 16 52
2 31 32
2 13 277
2 10 3272
2 19 436
2 38 137
2 1 734
2 15 5240
2 4 3230
2 28 32
2 7 11855
2 21 12
2 18 980
2 23 1
2 9 964
2 12 219
2 24 1211
2 20 4
2 32 372
2 8 3573
2 3 5674
2 26 400
2 27 48
2 6 601
3 2 5674
3 32 694
3 13 92
3 27 90
3 14 124
3 4 4526
3 17 231
3 31 60
3 6 685
3 15 6621
3 11 122
3 12 350
3 33 241
3 41 274
3 7 17069
3 5 3942
3 19 800
3 1 1286
3 16 61
3 20 14
3 26 750
3 9 1510
3 24 2261
3 8 5418
3 28 60
3 18 1833
3 10 4969
3 38 54
4 18 1825
4 28 55
4 16 4351
4 40 28
4 21 1872
4 2 3230
4 17 91
4 11 8764
4 3 4526
4 15 4792
4 38 21
4 7 13141
4 8 4356
4 23 26
4 32 644
4 6 2878
4 30 3575
4 19 783
4 35 1554
4 14 202
4 22 49
4 31 54
4 1 1767
4 10 3481
4 9 274
4 34 2831
4 25 820
4 33 2928
4 36 1365
4 5 4490
4 12 293
4 24 2069
4 27 95
4 26 727
4 41 315
4 13 1679
5 41 108
5 2 2622
5 12 261
5 22 823
5 7 11752
5 8 4303
5 23 165
5 27 8759
5 28 50
5 6 407
5 43 1892
5 1 3014
5 42 4093
5 29 992
5 16 111
5 11 372
5 31 20912
5 32 16968
5 3 3942
5 26 15607
5 33 345
5 10 5918
5 30 5
5 39 165
5 24 41458
5 40 490
5 19 1900
5 15 4345
5 25 6
5 9 322
5 4 4490
5 14 1578
5 13 26607
5 18 1974
5 38 126
6 25 7
6 11 93
6 22 16
6 9 125
6 29 70
6 20 368
6 2 601
6 40 9
6 5 407
6 23 25
6 28 26
6 19 224
6 27 51
6 8 291
6 3 685
6 15 483
6 7 834
6 16 12
6 14 32
6 1 636
6 31 15
6 41 1598
6 26 295
6 10 756
6 32 147
6 4 2878
6 24 384
6 12 12
6 30 3
6 33 4407
6 18 803
6 13 475
6 38 107
7 32 2187
7 21 12
7 28 194
7 10 11252
7 2 11855
7 29 1
7 19 2304
7 5 11752
7 33 62
7 11 421
7 20 8
7 18 5890
7 16 204
7 13 269
7 12 1098
7 1 3302
7 4 13141
7 26 2426
7 17 145
7 38 34
7 3 17069
7 9 1506
7 14 344
7 24 7156
7 8 16156
7 31 194
7 15 17543
7 6 834
7 41 218
7 27 296
41 1 57
41 12 2
41 27 22
41 8 86
41 26 419
41 10 609
41 28 13
41 40 8
41 9 92
41 20 66
41 31 46
41 6 1598
41 22 11
41 15 90
41 13 14
41 30 1
41 33 418
41 19 9
41 18 635
41 7 218
41 17 6
41 24 64
41 2 184
41 25 3
41 3 274
41 16 26
41 38 68
41 32 97
41 4 315
41 5 108
41 11 279
41 23 149
41 14 65
12 18 122
12 41 2
12 27 6
12 31 4
12 11 8
12 28 4
12 13 6
12 8 367
12 14 8
12 7 1098
12 6 12
12 5 261
12 26 50
12 10 223
12 19 52
12 4 293
12 15 386
12 1 74
12 9 10
12 2 219
12 32 46
12 3 350
12 16 4
12 24 150
15 1 1274
15 11 146
15 3 6621
15 32 877
15 28 78
15 26 975
15 2 5240
15 18 2364
15 16 73
15 9 608
15 5 4345
15 8 5913
15 12 386
15 38 58
15 10 4659
15 13 107
15 7 17543
15 6 483
15 4 4792
15 24 2870
15 19 915
15 33 109
15 17 136
15 27 117
15 41 90
15 31 78
15 20 33
15 14 136
10 28 246
10 38 134
10 6 756
10 20 8
10 7 11252
10 12 223
10 27 221
10 32 1634
10 9 1133
10 13 1453
10 5 5918
10 25 59
10 11 1282
10 16 147
10 8 4121
10 40 91
10 18 5430
10 26 2242
10 30 40
10 24 4284
10 4 3481
10 1 1778
10 15 4659
10 31 157
10 33 66
10 23 158
10 14 487
10 2 3272
10 22 73
10 3 4969
10 19 1411
10 17 39
10 41 609
8 29 3
8 26 900
8 4 4356
8 27 120
8 13 106
8 18 2205
8 5 4303
8 38 20
8 31 72
8 33 89
8 10 4121
8 14 140
8 1 1235
8 12 367
8 32 824
8 15 5913
8 2 3573
8 9 390
8 16 71
8 7 16156
8 20 26
8 24 2689
8 11 142
8 6 291
8 19 919
8 3 5418
8 17 1
8 28 72
8 41 86
9 10 1133
9 13 5
9 12 10
9 29 8
9 32 179
9 38 18
9 15 608
9 7 1506
9 11 10
9 41 92
9 5 322
9 3 1510
9 1 220
9 17 8075
9 19 30
9 33 181
9 28 10
9 16 5
9 8 390
9 2 964
9 20 33
9 24 1798
9 4 274
9 18 300
9 6 125
9 31 10
9 26 125
9 27 35
18 8 2205
18 25 52
18 28 996
18 9 300
18 2 980
18 41 635
18 10 5430
18 11 1849
18 1 711
18 32 1422
18 23 264
18 29 18650
18 30 75
18 38 263
18 24 3749
18 5 1974
18 14 234
18 31 256
18 27 393
18 26 2690
18 4 1825
18 6 803
18 19 49481
18 40 85
18 33 7
18 7 5890
18 16 185
18 3 1833
18 13 390
18 22 78
18 12 122
18 15 2364
29 42 390
29 5 992
29 1 111
29 6 70
29 9 8
29 24 310
29 28 233
29 26 1
29 32 280
29 7 1
29 11 74
29 31 2043
29 18 18650
29 27 5
29 8 3
29 43 190
29 19 13091
36 4 1365
36 25 2640
36 34 8752
36 35 4810
36 16 4095
36 30 11122
36 1 195
21 1 41
21 11 6429
21 7 12
21 40 17
21 16 1129
21 2 12
21 4 1872
16 19 27
16 18 185
16 15 73
16 5 111
16 23 16
16 7 204
16 26 122
16 1 310
16 24 79
16 9 5
16 27 15
16 6 12
16 32 32
16 34 8505
16 25 2467
16 28 2
16 14 4
16 11 19560
16 36 4095
16 2 52
16 41 26
16 40 79
16 31 16
16 8 71
16 35 4671
16 12 4
16 37 56
16 4 4351
16 38 17
16 30 10364
16 3 61
16 13 6
16 10 147
16 21 1129
30 4 3575
30 27 10
30 32 3
30 10 40
30 36 11122
30 6 3
30 33 1
30 26 17
30 28 3
30 13 3
30 16 10364
30 11 31
30 34 22045
30 14 1
30 1 549
30 25 6701
30 23 4
30 19 1
30 5 5
30 18 75
30 41 1
30 38 9
30 35 12159
33 26 2
33 7 62
33 2 132
33 11 9
33 25 1
33 38 74
33 18 7
33 8 89
33 15 109
33 3 241
33 4 2928
33 32 142
33 24 2459
33 5 345
33 17 1
33 28 3
33 10 66
33 13 2
33 9 181
33 30 1
33 20 717
33 6 4407
33 1 293
33 14 1
33 41 418
11 24 150
11 14 71
11 33 9
11 18 1849
11 38 179
11 27 112
11 32 229
11 4 8764
11 2 121
11 15 146
11 22 7
11 8 142
11 19 251
11 12 8
11 1 605
11 5 372
11 9 10
11 29 74
11 10 1282
11 25 30
11 26 981
11 40 695
11 13 89
11 23 202
11 7 421
11 16 19560
11 30 31
11 21 6429
11 6 93
11 41 279
11 31 94
11 3 122
11 28 77
13 27 104
13 23 229
13 22 1589
13 18 390
13 10 1453
13 40 912
13 15 107
13 2 277
13 32 63
13 4 1679
13 11 89
13 28 25
13 9 5
13 6 475
13 8 106
13 31 5
13 14 2519
13 33 2
13 12 6
13 24 87
13 1 754
13 25 8
13 3 92
13 38 17
13 26 173
13 30 3
13 7 269
13 16 6
13 19 54
13 41 14
13 5 26607
14 41 65
14 1 145
14 32 56
14 15 136
14 28 14
14 30 1
14 4 202
14 26 22
14 6 32
14 18 234
14 5 1578
14 7 344
14 12 8
14 40 44
14 10 487
14 33 1
14 19 82
14 16 4
14 23 22
14 22 84
14 11 71
14 31 2
14 38 19
14 2 79
14 3 124
14 27 2
14 13 2519
14 25 4
14 24 44
14 8 140
17 8 1
17 3 231
17 41 6
17 7 145
17 33 1
17 15 136
17 1 87
17 9 8075
17 10 39
17 38 6
17 4 91
17 2 1
19 13 54
19 39 1
19 8 919
19 30 1
19 18 49481
19 1 692
19 5 1900
19 24 980
19 15 915
19 2 436
19 9 30
19 28 567
19 32 241
19 41 9
19 4 783
19 26 172
19 29 13091
19 7 2304
19 16 27
19 14 82
19 25 3
19 3 800
19 6 224
19 27 28
19 38 21
19 11 251
19 12 52
19 10 1411
19 31 13
20 41 66
20 6 368
20 10 8
20 7 8
20 33 717
20 24 1
20 15 33
20 2 4
20 3 14
20 9 33
20 8 26
20 38 38
24 14 44
24 20 1
24 16 79
24 27 283
24 11 150
24 8 2689
24 39 232
24 18 3749
24 3 2261
24 7 7156
24 28 128
24 32 16519
24 26 1723
24 42 1209
24 15 2870
24 10 4284
24 2 1211
24 5 41458
24 1 1653
24 41 64
24 43 601
24 33 2459
24 6 384
24 12 150
24 9 1798
24 13 87
24 31 6452
24 38 87
24 29 310
24 4 2069
24 19 980
22 10 73
22 4 49
22 40 30
22 13 1589
22 5 823
22 41 11
22 2 7
22 18 78
22 32 4
22 38 5
22 23 13
22 6 16
22 11 7
22 14 84
22 26 45
22 1 21
23 38 48
23 13 229
23 6 25
23 26 305
23 14 22
23 31 28
23 18 264
23 10 158
23 5 165
23 16 16
23 11 202
23 40 13
23 22 13
23 32 56
23 4 26
23 1 19
23 41 149
23 27 11
23 30 4
23 2 1
25 27 10
25 34 5246
25 36 2640
25 13 8
25 5 6
25 14 4
25 10 59
25 38 7
25 41 3
25 32 12
25 19 3
25 11 30
25 4 820
25 28 7
25 31 1
25 6 7
25 1 124
25 35 2895
25 16 2467
25 18 52
25 33 1
25 30 6701
25 26 15
26 11 981
26 33 2
26 2 400
26 7 2426
26 14 22
26 6 295
26 22 45
26 19 172
26 16 122
26 12 50
26 29 1
26 30 17
26 32 22529
26 23 305
26 10 2242
26 5 15607
26 41 419
26 15 975
26 31 1444
26 13 173
26 9 125
26 28 74
26 8 900
26 38 143
26 18 2690
26 25 15
26 27 10874
26 24 1723
26 3 750
26 40 141
26 4 727
26 1 267
27 12 6
27 3 90
27 2 48
27 26 10874
27 18 393
27 7 296
27 1 17
27 14 2
27 13 104
27 9 35
27 25 10
27 5 8759
27 32 473
27 15 117
27 30 10
27 16 15
27 10 221
27 38 34
27 11 112
27 24 283
27 8 120
27 23 11
27 6 51
27 19 28
27 41 22
27 28 8
27 29 5
27 4 95
27 31 33
40 21 17
40 2 4
40 14 44
40 13 912
40 16 79
40 23 13
40 38 7
40 5 490
40 6 9
40 1 17
40 22 30
40 10 91
40 18 85
40 32 2
40 11 695
40 26 141
40 31 7
40 4 28
40 41 8
28 29 233
28 33 3
28 31 8
28 7 194
28 27 8
28 41 13
28 25 7
28 6 26
28 14 14
28 1 39
28 4 55
28 30 3
28 13 25
28 3 60
28 15 78
28 12 4
28 38 17
28 24 128
28 18 996
28 2 32
28 16 2
28 19 567
28 26 74
28 5 50
28 8 72
28 32 77
28 10 246
28 9 10
28 11 77
38 7 34
38 40 7
38 26 143
38 18 263
38 10 134
38 9 18
38 20 38
38 24 87
38 5 126
38 1 128
38 4 21
38 14 19
38 2 137
38 31 59
38 25 7
38 32 68
38 16 17
38 27 34
38 6 107
38 3 54
38 33 74
38 28 17
38 39 2
38 23 48
38 17 6
38 30 9
38 11 179
38 41 68
38 19 21
38 22 5
38 15 58
38 13 17
38 8 20
42 31 7956
42 29 390
42 24 1209
42 5 4093
42 1 156
42 43 741
42 32 1092
31 42 7956
31 19 13
31 18 256
31 15 78
31 6 15
31 40 7
31 13 5
31 10 157
31 16 16
31 26 1444
31 38 59
31 11 94
31 41 46
31 7 194
31 23 28
31 8 72
31 5 20912
31 32 9579
31 2 32
31 29 2043
31 9 10
31 25 1
31 4 54
31 24 6452
31 14 2
31 12 4
31 27 33
31 3 60
31 43 3876
31 28 8
31 1 876
32 39 92
32 15 877
32 16 32
32 28 77
32 6 147
32 38 68
32 33 142
32 43 532
32 19 241
32 8 824
32 23 56
32 30 3
32 31 9579
32 7 2187
32 42 1092
32 13 63
32 9 179
32 40 2
32 2 372
32 27 473
32 12 46
32 41 97
32 4 644
32 1 670
32 26 22529
32 11 229
32 25 12
32 24 16519
32 18 1422
32 10 1634
32 3 694
32 5 16968
32 29 280
32 22 4
32 14 56
43 24 601
43 1 76
43 32 532
43 42 741
43 5 1892
43 31 3876
43 29 190
34 16 8505
34 36 8752
34 4 2831
34 25 5246
34 35 9923
34 30 22045
34 1 403
35 30 12159
35 25 2895
35 36 4810
35 4 1554
35 34 9923
35 16 4671
35 1 222
37 16 56
39 5 165
39 24 232
39 38 2
39 19 1
39 32 92
