*Vertices  8
1 "177" box
2 "182" box
3 "185" box
4 "179" box
5 "430" box
6 "415" box
7 "659" box
8 "756" box
*Edges
1 8 53
1 7 957
1 3 610
4 3 12
4 2 10
2 4 10
2 3 16
3 1 610
3 2 16
3 4 12
3 5 892
3 6 856
3 7 10253
6 5 1352
6 7 8530
6 3 856
5 3 892
5 6 1352
5 7 19194
7 1 957
7 3 10253
7 5 19194
7 6 8530
7 8 1857
8 7 1857
8 1 53
