*Vertices  36
1 "177" box
2 "179" box
3 "182" box
4 "185" box
5 "189" box
6 "193" box
7 "197" box
8 "251" box
9 "319" box
10 "249" box
11 "659" box
12 "245" box
13 "663" box
14 "665" box
15 "247" box
16 "430" box
17 "668" box
18 "411" box
19 "670" box
20 "721" box
21 "724" box
22 "693" box
23 "738" box
24 "750" box
25 "443" box
26 "1448" box
27 "1449" box
28 "1644" box
29 "1645" box
30 "413" box
31 "1439" box
32 "1702" box
33 "756" box
34 "234" box
35 "1445" box
36 "1456" box
*Edges
1 33 4
1 30 183
1 18 389
1 14 145
1 15 1028
1 16 20
1 20 18
1 26 876
1 27 670
1 2 734
1 7 1563
1 8 110
1 21 19
1 36 40
1 31 128
1 11 356
1 4 1742
1 28 403
1 22 1343
1 13 754
1 12 74
1 5 2344
1 29 222
1 10 1778
1 17 10
1 34 57
1 35 156
1 6 585
1 3 1286
1 23 124
1 25 388
1 19 477
1 9 138
1 24 167
2 4 3225
2 6 601
2 8 381
2 27 372
2 13 277
2 7 5979
2 26 32
2 15 3397
2 1 734
2 10 3272
2 20 6
2 3 5674
2 17 1
2 5 2277
2 12 219
2 18 307
2 19 253
2 14 79
2 11 49
2 24 272
2 22 938
2 31 137
2 34 184
2 9 714
2 21 1
3 15 4824
3 4 4517
3 8 511
3 11 91
3 18 573
3 1 1286
3 26 60
3 6 682
3 10 4969
3 9 1189
3 17 198
3 13 92
3 14 124
3 2 5674
3 5 3341
3 19 463
3 24 510
3 22 1750
3 34 274
3 31 54
3 27 694
3 7 8577
3 12 350
4 23 820
4 15 3773
4 8 429
4 27 644
4 5 3898
4 34 300
4 21 26
4 3 4517
4 29 1554
4 14 202
4 18 630
4 11 111
4 12 293
4 20 42
4 10 3481
4 26 54
4 7 6168
4 31 21
4 6 2678
4 19 458
4 9 207
4 28 2831
4 17 1
4 30 1281
4 2 3225
4 24 491
4 22 1606
4 13 1679
4 25 2380
4 1 1742
5 7 4686
5 25 5
5 3 3341
5 11 232
5 15 3024
5 33 21
5 19 892
5 23 6
5 26 9080
5 10 4981
5 9 92
5 1 2344
5 14 1506
5 24 7089
5 13 26552
5 20 696
5 18 695
5 31 126
5 34 108
5 4 3898
5 36 412
5 35 1831
5 22 30969
5 32 165
5 12 222
5 6 404
5 8 344
5 2 2277
5 21 165
5 27 15244
6 20 12
6 11 62
6 21 23
6 8 22
6 24 183
6 12 12
6 18 358
6 23 7
6 27 147
6 14 32
6 9 105
6 34 1435
6 25 3
6 7 508
6 5 404
6 19 170
6 2 601
6 22 288
6 1 585
6 26 15
6 31 105
6 13 475
6 4 2678
6 15 311
6 3 682
6 10 734
7 15 6563
7 22 2512
7 34 98
7 26 88
7 11 128
7 27 996
7 4 6168
7 6 508
7 17 38
7 1 1563
7 24 748
7 10 5405
7 13 124
7 19 609
7 31 16
7 8 749
7 2 5979
7 14 160
7 5 4686
7 3 8577
7 18 824
7 9 640
7 12 513
34 15 69
34 33 8
34 8 4
34 9 64
34 6 1435
34 22 48
34 23 3
34 25 1
34 27 97
34 4 300
34 26 46
34 5 108
34 31 68
34 1 57
34 2 184
34 10 609
34 11 186
34 7 98
34 14 65
34 21 149
34 24 312
34 18 311
34 19 5
34 17 6
34 3 274
34 12 2
34 13 14
12 3 350
12 15 312
12 2 219
12 19 30
12 6 12
12 10 223
12 27 46
12 22 116
12 26 4
12 4 293
12 14 8
12 5 222
12 7 513
12 1 74
12 9 8
12 11 6
12 24 34
12 18 38
12 8 36
12 34 2
12 13 6
15 7 6563
15 17 5
15 18 596
15 4 3773
15 10 3628
15 31 26
15 27 720
15 1 1028
15 11 92
15 12 312
15 13 88
15 24 544
15 6 311
15 2 3397
15 8 462
15 5 3024
15 14 112
15 19 429
15 22 1816
15 26 64
15 3 4824
15 34 69
15 9 284
10 9 913
10 31 134
10 26 157
10 5 4981
10 8 343
10 6 734
10 24 1560
10 15 3628
10 23 59
10 7 5405
10 3 4969
10 11 889
10 25 17
10 22 3304
10 17 31
10 18 2176
10 1 1778
10 27 1634
10 12 223
10 13 1453
10 2 3272
10 4 3481
10 20 30
10 19 811
10 34 609
10 33 59
10 21 158
10 14 487
8 10 343
8 27 69
8 15 462
8 34 4
8 5 344
8 4 429
8 19 45
8 14 12
8 22 174
8 6 22
8 26 6
8 11 9
8 9 27
8 24 51
8 18 57
8 7 749
8 2 381
8 12 36
8 3 511
8 13 9
8 1 110
8 31 4
9 12 8
9 5 92
9 7 640
9 10 913
9 2 714
9 15 284
9 18 64
9 8 27
9 11 8
9 1 138
9 31 14
9 27 76
9 22 192
9 17 341
9 4 207
9 19 8
9 24 68
9 3 1189
9 34 64
9 6 105
9 26 8
9 13 4
18 9 64
18 1 389
18 31 160
18 13 80
18 8 57
18 34 311
18 4 630
18 21 160
18 33 18
18 27 496
18 25 27
18 10 2176
18 22 798
18 3 573
18 24 669
18 6 358
18 7 824
18 2 307
18 11 693
18 14 108
18 5 695
18 23 32
18 12 38
18 19 25787
18 26 95
18 15 596
30 1 183
30 4 1281
30 25 7355
30 23 2484
30 29 4514
30 28 8216
16 11 5180
16 33 20
16 1 20
25 24 3
25 18 27
25 10 17
25 5 5
25 34 1
25 31 9
25 23 4684
25 13 1
25 27 1
25 30 7355
25 6 3
25 19 1
25 1 388
25 4 2380
25 11 9
25 21 4
25 29 8383
25 28 15193
11 34 186
11 27 169
11 5 232
11 23 18
11 25 9
11 18 693
11 22 106
11 24 495
11 12 6
11 14 36
11 9 8
11 1 356
11 8 9
11 15 92
11 16 5180
11 2 49
11 26 81
11 4 111
11 3 91
11 19 177
11 6 62
11 7 128
11 10 889
11 31 131
11 13 59
11 21 168
11 33 580
13 20 1362
13 10 1453
13 15 88
13 8 9
13 27 63
13 4 1679
13 11 59
13 5 26552
13 23 8
13 34 14
13 12 6
13 6 475
13 31 17
13 19 32
13 25 1
13 14 2519
13 3 92
13 9 4
13 33 4
13 24 84
13 21 229
13 2 277
13 7 124
13 18 80
13 1 754
13 22 68
13 26 5
14 4 202
14 5 1506
14 10 487
14 19 54
14 11 36
14 8 12
14 2 79
14 27 56
14 23 4
14 6 32
14 13 2519
14 18 108
14 26 2
14 15 112
14 21 22
14 3 124
14 1 145
14 12 8
14 7 160
14 20 66
14 22 40
14 34 65
14 24 9
14 31 19
17 2 1
17 3 198
17 31 6
17 10 31
17 4 1
17 15 5
17 7 38
17 34 6
17 1 10
17 9 341
19 6 170
19 15 429
19 1 477
19 34 5
19 12 30
19 2 253
19 24 38
19 31 7
19 3 463
19 5 892
19 11 177
19 18 25787
19 25 1
19 27 119
19 10 811
19 26 5
19 9 8
19 13 32
19 22 270
19 4 458
19 23 3
19 7 609
19 8 45
19 14 54
22 12 116
22 34 48
22 18 798
22 4 1606
22 32 208
22 26 6012
22 10 3304
22 19 270
22 14 40
22 13 68
22 1 1343
22 9 192
22 35 1131
22 24 816
22 5 30969
22 31 59
22 11 106
22 6 288
22 2 938
22 15 1816
22 36 290
22 8 174
22 3 1750
22 7 2512
22 27 13102
20 13 1362
20 1 18
20 2 6
20 5 696
20 21 6
20 14 66
20 10 30
20 6 12
20 4 42
21 25 4
21 6 23
21 10 158
21 5 165
21 20 6
21 24 184
21 18 160
21 14 22
21 26 28
21 27 56
21 1 19
21 33 7
21 11 168
21 13 229
21 31 48
21 4 26
21 34 149
21 2 1
23 11 18
23 19 3
23 10 59
23 24 5
23 1 124
23 25 4684
23 28 5246
23 4 820
23 34 3
23 14 4
23 31 7
23 18 32
23 5 6
23 29 2895
23 13 8
23 27 12
23 26 1
23 6 7
23 30 2484
24 2 272
24 5 7089
24 3 510
24 1 167
24 14 9
24 12 34
24 18 669
24 22 816
24 33 101
24 23 5
24 7 748
24 13 84
24 11 495
24 21 184
24 27 13851
24 34 312
24 4 491
24 9 68
24 15 544
24 8 51
24 19 38
24 31 57
24 25 3
24 26 882
24 10 1560
24 6 183
33 18 18
33 1 4
33 31 5
33 24 101
33 26 6
33 10 59
33 21 7
33 5 21
33 13 4
33 34 8
33 16 20
33 11 580
33 27 2
31 5 126
31 2 137
31 34 68
31 27 68
31 9 14
31 18 160
31 15 26
31 22 59
31 14 19
31 13 17
31 8 4
31 1 128
31 7 16
31 25 9
31 10 134
31 19 7
31 26 59
31 24 57
31 32 2
31 3 54
31 17 6
31 23 7
31 4 21
31 33 5
31 21 48
31 11 131
31 6 105
35 27 1092
35 1 156
35 22 1131
35 5 1831
35 26 7956
35 36 390
26 19 5
26 13 5
26 34 46
26 12 4
26 27 9579
26 36 2040
26 8 6
26 6 15
26 22 6012
26 24 882
26 18 95
26 31 59
26 10 157
26 3 60
26 14 2
26 5 9080
26 35 7956
26 33 6
26 7 88
26 9 8
26 23 1
26 2 32
26 15 64
26 21 28
26 4 54
26 1 876
26 11 81
27 4 644
27 1 670
27 5 15244
27 14 56
27 3 694
27 19 119
27 18 496
27 10 1634
27 13 63
27 8 69
27 11 169
27 6 147
27 9 76
27 22 13102
27 2 372
27 21 56
27 32 92
27 15 720
27 36 280
27 33 2
27 12 46
27 35 1092
27 26 9579
27 34 97
27 24 13851
27 23 12
27 7 996
27 25 1
27 31 68
36 35 390
36 1 40
36 26 2040
36 22 290
36 27 280
36 5 412
28 4 2831
28 1 403
28 29 9923
28 30 8216
28 23 5246
28 25 15193
29 1 222
29 30 4514
29 23 2895
29 25 8383
29 28 9923
29 4 1554
32 22 208
32 5 165
32 27 92
32 31 2
