*Vertices  9
1 "177" box
2 "182" box
3 "185" box
4 "179" box
5 "430" box
6 "415" box
7 "659" box
8 "756" box
9 "1972" box
*Edges
1 8 53
1 3 610
1 7 957
4 2 10
4 3 12
2 3 16
2 4 10
3 1 610
3 4 12
3 7 11103
3 2 16
3 5 892
3 6 3141
3 9 193
6 9 1844
6 3 3141
6 7 40675
6 5 3589
5 3 892
5 6 3589
5 9 230
5 7 19427
7 3 11103
7 5 19427
7 8 1857
7 9 2959
7 6 40675
7 1 957
8 1 53
8 7 1857
9 3 193
9 6 1844
9 5 230
9 7 2959
