*Vertices  9
1 "177" box
2 "182" box
3 "185" box
4 "179" box
5 "430" box
6 "415" box
7 "659" box
8 "756" box
9 "1972" box
*Edges
1 8 53
1 3 610
1 7 957
4 2 10
4 3 12
2 3 16
2 4 10
3 1 610
3 4 12
3 7 11103
3 2 16
3 5 892
3 6 2597
3 9 38
6 9 238
6 3 2597
6 7 28492
6 5 2739
5 3 892
5 6 2739
5 9 92
5 7 19427
7 3 11103
7 5 19427
7 8 1857
7 9 739
7 6 28492
7 1 957
8 1 53
8 7 1857
9 3 38
9 6 238
9 5 92
9 7 739
