*Vertices  8
1 "177" box
2 "1448" box
3 "665" box
4 "1439" box
5 "1449" box
6 "2342" box
7 "189" box
8 "249" box
*Edges
1 4 125
1 5 2552
1 7 157
1 6 10
1 2 786
7 1 157
7 3 22
7 2 2200
7 5 8836
7 4 201
7 8 195
7 6 3621
8 7 195
8 6 22
8 3 10
3 7 22
3 8 10
4 1 125
4 5 2592
4 7 201
4 2 1457
4 6 121
2 5 31109
2 7 2200
2 6 227
2 1 786
2 4 1457
5 7 8836
5 4 2592
5 1 2552
5 2 31109
5 6 538
6 2 227
6 7 3621
6 5 538
6 1 10
6 8 22
6 4 121
