*Vertices  16
1 "177" box
2 "189" box
3 "234" box
4 "193" box
5 "663" box
6 "411" box
7 "670" box
8 "693" box
9 "249" box
10 "443" box
11 "1439" box
12 "1445" box
13 "1448" box
14 "1449" box
15 "665" box
16 "1456" box
*Edges
1 4 680
1 2 2711
1 7 122
1 3 28
1 9 8
1 15 124
1 13 1100
1 8 339
1 6 23
1 14 181
1 16 308
1 12 2840
1 11 748
2 7 122
2 6 15
2 12 16931
2 13 21552
2 5 23
2 15 192
2 14 2982
2 11 4844
2 8 6734
2 9 14
2 16 2167
2 1 2711
4 3 113717
4 3 15655
4 1 680
3 3 7205
3 7 2
3 3 7205
3 1 28
3 4 15655
3 4 113717
9 1 8
9 5 1
9 6 1
9 15 13
9 2 14
6 7 155
6 9 1
6 15 9
6 2 15
6 11 25
6 1 23
5 2 23
5 15 8
5 9 1
15 5 8
15 9 13
15 7 6
15 6 9
15 2 192
15 1 124
7 3 2
7 2 122
7 1 122
7 11 155
7 6 155
7 15 6
8 12 3549
8 16 536
8 2 6734
8 1 339
8 14 756
8 13 5969
8 11 796
11 2 4844
11 8 796
11 1 748
11 12 14413
11 14 907
11 16 1060
11 6 25
11 13 4342
11 7 155
12 13 21447
12 14 5161
12 11 14413
12 8 3549
12 16 4836
12 2 16931
12 1 2840
13 12 21447
13 8 5969
13 14 4929
13 11 4342
13 2 21552
13 16 3438
13 1 1100
14 11 907
14 13 4929
14 12 5161
14 16 620
14 1 181
14 2 2982
14 8 756
16 2 2167
16 14 620
16 1 308
16 13 3438
16 8 536
16 12 4836
16 11 1060
