*Vertices  11
1 "177" box
2 "189" box
3 "234" box
4 "193" box
5 "411" box
6 "693" box
7 "443" box
8 "1439" box
9 "1445" box
10 "1448" box
11 "1449" box
*Edges
1 10 203
1 4 398
1 2 2057
1 3 24
1 5 14
1 8 748
1 6 334
1 9 2840
2 1 2057
2 8 3486
2 11 13
2 9 10040
2 6 5318
2 10 3477
4 3 24119
4 1 398
3 4 24119
3 1 24
5 8 10
5 1 14
6 9 3544
6 10 1667
6 2 5318
6 1 334
6 11 17
6 8 795
8 6 795
8 1 748
8 5 10
8 2 3486
8 10 518
8 9 14413
9 2 10040
9 6 3544
9 10 2301
9 1 2840
9 8 14413
10 2 3477
10 8 518
10 6 1667
10 1 203
10 9 2301
10 11 6
11 10 6
11 2 13
11 6 17
