*Vertices  16
1 "177" box
2 "189" box
3 "234" box
4 "193" box
5 "663" box
6 "411" box
7 "670" box
8 "693" box
9 "249" box
10 "443" box
11 "1439" box
12 "1445" box
13 "1448" box
14 "1449" box
15 "665" box
16 "1456" box
*Edges
1 4 685
1 2 2741
1 7 126
1 3 28
1 9 8
1 15 124
1 13 1100
1 8 347
1 6 23
1 14 181
1 16 349
1 12 2840
1 11 748
2 7 137
2 6 23
2 12 16931
2 13 21607
2 5 23
2 15 210
2 14 2994
2 11 4844
2 8 6834
2 9 18
2 16 3860
2 1 2741
4 3 115970
4 3 15975
4 1 685
3 3 7205
3 7 2
3 3 7205
3 1 28
3 4 15975
3 4 115970
9 1 8
9 5 1
9 6 1
9 15 13
9 2 18
6 7 160
6 9 1
6 15 9
6 2 23
6 11 25
6 1 23
5 2 23
5 15 8
5 9 1
15 5 8
15 9 13
15 7 6
15 6 9
15 2 210
15 1 124
7 3 2
7 2 137
7 1 126
7 11 160
7 6 160
7 15 6
8 12 3745
8 16 908
8 2 6834
8 1 347
8 14 817
8 13 6418
8 11 828
11 2 4844
11 8 828
11 1 748
11 12 14413
11 14 907
11 16 1281
11 6 25
11 13 4342
11 7 160
12 13 21447
12 14 5161
12 11 14413
12 8 3745
12 16 5785
12 2 16931
12 1 2840
13 12 21447
13 8 6418
13 14 4929
13 11 4342
13 2 21607
13 16 4941
13 1 1100
14 11 907
14 13 4929
14 12 5161
14 16 935
14 1 181
14 2 2994
14 8 817
16 2 3860
16 14 935
16 1 349
16 13 4941
16 8 908
16 12 5785
16 11 1281
