*Vertices  31
1 "177" box
2 "179" box
3 "182" box
4 "185" box
5 "189" box
6 "193" box
7 "197" box
8 "319" box
9 "249" box
10 "659" box
11 "245" box
12 "663" box
13 "665" box
14 "247" box
15 "668" box
16 "411" box
17 "670" box
18 "724" box
19 "693" box
20 "738" box
21 "443" box
22 "1448" box
23 "1449" box
24 "1644" box
25 "1645" box
26 "413" box
27 "1439" box
28 "1702" box
29 "756" box
30 "234" box
31 "1445" box
*Edges
1 17 297
1 24 139
1 8 29
1 21 337
1 27 128
1 13 30
1 11 74
1 5 1701
1 29 4
1 25 207
1 6 488
1 30 57
1 18 19
1 15 3
1 2 734
1 19 936
1 3 1137
1 4 1627
1 23 463
1 22 832
1 12 516
1 9 1730
1 7 875
1 31 156
1 10 265
1 26 183
1 14 516
1 16 228
1 20 3
2 18 1
2 6 600
2 14 1311
2 27 137
2 12 181
2 16 82
2 10 49
2 30 184
2 13 10
2 9 3238
2 11 219
2 17 168
2 23 322
2 1 734
2 5 1701
2 4 3195
2 3 4598
2 8 178
2 19 533
2 22 32
2 7 3395
3 27 40
3 30 169
3 16 137
3 6 604
3 8 208
3 10 82
3 9 4179
3 5 2133
3 2 4598
3 4 3993
3 7 4557
3 11 308
3 19 896
3 23 542
3 22 54
3 15 107
3 17 278
3 1 1137
3 12 28
3 14 1881
4 8 31
4 22 54
4 2 3195
4 30 250
4 18 26
4 6 1948
4 26 1220
4 1 1627
4 12 1179
4 5 2992
4 21 1927
4 3 3993
4 14 1814
4 17 302
4 9 3418
4 19 911
4 16 173
4 7 3435
4 24 936
4 11 293
4 23 551
4 20 20
4 25 1380
4 13 70
4 27 21
4 10 104
5 28 165
5 19 20481
5 4 2992
5 10 91
5 3 2133
5 13 1153
5 2 1701
5 29 1
5 31 1090
5 7 1830
5 6 335
5 1 1701
5 22 4635
5 14 1083
5 9 3418
5 30 42
5 17 403
5 16 143
5 12 18903
5 23 6399
5 27 54
5 18 124
5 11 160
6 18 22
6 13 20
6 5 335
6 22 15
6 11 12
6 23 136
6 10 43
6 12 328
6 21 3
6 8 32
6 19 168
6 4 1948
6 27 101
6 17 109
6 30 1184
6 3 604
6 1 488
6 16 193
6 7 344
6 9 722
6 14 90
6 2 600
7 15 20
7 16 118
7 11 283
7 10 71
7 1 875
7 19 787
7 4 3435
7 3 4557
7 30 75
7 2 3395
7 14 1713
7 8 79
7 12 23
7 27 2
7 6 344
7 22 48
7 9 3117
7 17 232
7 23 478
7 5 1830
30 9 609
30 23 54
30 16 167
30 18 149
30 4 250
30 22 46
30 15 2
30 11 2
30 27 68
30 21 1
30 1 57
30 2 184
30 8 20
30 19 28
30 5 42
30 14 15
30 6 1184
30 3 169
30 29 8
30 7 75
30 13 33
30 17 2
30 10 137
11 12 2
11 5 160
11 14 156
11 2 219
11 7 283
11 1 74
11 22 4
11 9 219
11 16 10
11 19 66
11 17 20
11 6 12
11 3 308
11 4 293
11 23 40
11 30 2
11 10 6
14 10 45
14 1 516
14 12 15
14 2 1311
14 7 1713
14 6 90
14 17 150
14 16 75
14 19 495
14 5 1083
14 22 30
14 30 15
14 11 156
14 9 1636
14 3 1881
14 4 1814
14 23 300
9 10 555
9 18 158
9 16 856
9 19 1874
9 17 526
9 14 1636
9 7 3117
9 12 870
9 29 59
9 22 157
9 4 3418
9 6 722
9 3 4179
9 30 609
9 2 3238
9 1 1730
9 23 1379
9 5 3418
9 15 25
9 8 136
9 21 17
9 11 219
9 27 134
9 13 125
8 4 31
8 3 208
8 6 32
8 9 136
8 27 10
8 1 29
8 30 20
8 7 79
8 15 51
8 2 178
16 9 856
16 29 18
16 4 173
16 10 316
16 30 167
16 5 143
16 22 62
16 3 137
16 18 139
16 2 82
16 13 6
16 19 94
16 1 228
16 23 133
16 11 10
16 27 121
16 17 10807
16 12 2
16 14 75
16 21 25
16 6 193
16 7 118
26 1 183
26 21 6318
26 24 2848
26 25 4209
26 4 1220
26 20 82
21 25 6645
21 26 6318
21 20 158
21 9 17
21 4 1927
21 23 1
21 16 25
21 30 1
21 1 337
21 24 4463
21 27 9
21 10 9
21 18 4
21 6 3
10 16 316
10 29 444
10 11 6
10 21 9
10 27 113
10 23 95
10 19 61
10 3 82
10 1 265
10 14 45
10 6 43
10 7 71
10 9 555
10 12 1
10 30 137
10 17 12
10 18 136
10 4 104
10 2 49
10 22 70
10 5 91
12 4 1179
12 23 2
12 11 2
12 10 1
12 7 23
12 14 15
12 6 328
12 3 28
12 17 8
12 1 516
12 18 164
12 5 18903
12 2 181
12 19 5
12 16 2
12 13 1640
12 9 870
13 9 125
13 5 1153
13 2 10
13 4 70
13 18 10
13 12 1640
13 1 30
13 6 20
13 16 6
13 30 33
15 1 3
15 3 107
15 27 2
15 8 51
15 7 20
15 9 25
15 30 2
17 9 526
17 30 2
17 22 4
17 19 120
17 6 109
17 12 8
17 2 168
17 11 20
17 10 12
17 3 278
17 14 150
17 5 403
17 4 302
17 7 232
17 23 65
17 1 297
17 16 10807
19 27 39
19 3 896
19 28 193
19 2 533
19 7 787
19 1 936
19 11 66
19 12 5
19 14 495
19 9 1874
19 10 61
19 6 168
19 23 2729
19 30 28
19 4 911
19 5 20481
19 22 5653
19 31 1131
19 17 120
19 16 94
18 30 149
18 27 48
18 5 124
18 29 7
18 10 136
18 12 164
18 16 139
18 13 10
18 21 4
18 6 22
18 4 26
18 9 158
18 2 1
18 22 28
18 1 19
18 23 36
20 26 82
20 4 20
20 24 48
20 21 158
20 1 3
20 25 73
29 1 4
29 27 5
29 30 8
29 18 7
29 9 59
29 5 1
29 16 18
29 22 6
29 10 444
27 30 68
27 8 10
27 1 128
27 23 60
27 22 59
27 16 121
27 9 134
27 18 48
27 2 137
27 6 101
27 4 21
27 21 9
27 7 2
27 15 2
27 3 40
27 5 54
27 29 5
27 28 2
27 19 39
27 10 113
31 22 7527
31 19 1131
31 23 312
31 5 1090
31 1 156
22 16 62
22 18 28
22 27 59
22 3 54
22 9 157
22 29 6
22 2 32
22 19 5653
22 6 15
22 1 832
22 4 54
22 30 46
22 14 30
22 17 4
22 7 48
22 31 7527
22 23 5049
22 5 4635
22 11 4
22 10 70
23 22 5049
23 28 89
23 12 2
23 21 1
23 30 54
23 18 36
23 31 312
23 16 133
23 9 1379
23 6 136
23 7 478
23 19 2729
23 17 65
23 1 463
23 2 322
23 27 60
23 3 542
23 11 40
23 4 551
23 14 300
23 10 95
23 5 6399
24 25 3177
24 26 2848
24 21 4463
24 20 48
24 1 139
24 4 936
25 26 4209
25 20 73
25 1 207
25 21 6645
25 4 1380
25 24 3177
28 19 193
28 27 2
28 23 89
28 5 165
