*Vertices  6
1 "430" box
2 "738" box
3 "443" box
4 "1644" box
5 "1645" box
6 "413" box
*Edges
6 3 415
6 2 154
6 1 45
6 4 304
6 5 53
1 6 45
1 3 292
1 4 12
3 6 415
3 1 292
3 4 3037
3 2 977
3 5 350
2 3 977
2 5 216
2 4 1963
2 6 154
4 3 3037
4 2 1963
4 6 304
4 5 676
4 1 12
5 6 53
5 2 216
5 3 350
5 4 676
