*Vertices  25
1 "177" box
2 "179" box
3 "182" box
4 "185" box
5 "189" box
6 "193" box
7 "197" box
8 "319" box
9 "249" box
10 "659" box
11 "663" box
12 "411" box
13 "670" box
14 "724" box
15 "693" box
16 "443" box
17 "1448" box
18 "1449" box
19 "1644" box
20 "1645" box
21 "413" box
22 "1439" box
23 "756" box
24 "234" box
25 "1445" box
*Edges
1 17 316
1 7 246
1 25 156
1 19 84
1 20 9
1 24 52
1 11 183
1 14 19
1 6 336
1 5 846
1 8 4
1 3 822
1 4 1017
1 9 362
1 18 308
1 10 146
1 13 35
1 2 734
1 15 520
1 22 128
1 16 277
1 21 165
1 12 175
1 23 4
2 15 115
2 8 178
2 24 27
2 18 194
2 7 876
2 6 600
2 1 734
2 5 848
2 3 2888
2 10 32
2 11 61
2 22 137
2 9 686
2 4 1970
2 14 1
2 12 66
3 9 645
3 12 82
3 5 818
3 22 32
3 24 65
3 6 289
3 4 1612
3 10 40
3 18 242
3 1 822
3 8 108
3 2 2888
3 7 866
3 15 143
4 6 1102
4 5 793
4 10 39
4 24 152
4 1 1017
4 11 305
4 9 479
4 21 825
4 3 1612
4 8 31
4 18 179
4 7 579
4 22 18
4 15 110
4 16 1145
4 12 88
4 19 421
4 20 45
4 14 23
4 2 1970
5 18 281
5 23 1
5 14 43
5 10 44
5 12 74
5 9 513
5 4 793
5 24 27
5 2 848
5 6 149
5 1 846
5 11 2074
5 3 818
5 7 294
5 25 934
5 22 54
5 17 1362
5 15 9390
6 2 600
6 15 24
6 10 34
6 11 122
6 24 703
6 1 336
6 5 149
6 22 98
6 7 36
6 12 120
6 3 289
6 4 1102
6 18 85
6 9 192
6 8 17
6 14 16
6 16 2
6 13 35
7 3 866
7 12 24
7 6 36
7 15 42
7 18 72
7 1 246
7 2 876
7 10 12
7 4 579
7 9 176
7 24 6
7 5 294
24 5 27
24 1 52
24 8 7
24 4 152
24 3 65
24 12 153
24 9 94
24 14 149
24 10 118
24 6 703
24 2 27
24 18 44
24 16 1
24 23 8
24 15 4
24 7 6
24 22 68
9 6 192
9 14 36
9 5 513
9 8 16
9 16 17
9 22 41
9 1 362
9 7 176
9 12 233
9 10 93
9 11 244
9 3 645
9 18 297
9 24 94
9 15 101
9 4 479
9 2 686
8 2 178
8 4 31
8 3 108
8 22 8
8 6 17
8 1 4
8 24 7
8 9 16
12 13 2248
12 4 88
12 3 82
12 14 139
12 5 74
12 16 24
12 1 175
12 2 66
12 18 84
12 10 246
12 6 120
12 7 24
12 17 1
12 23 18
12 24 153
12 22 112
12 9 233
12 15 14
21 1 165
21 16 4432
21 4 825
21 19 1582
21 20 165
16 19 2152
16 18 1
16 24 1
16 21 4432
16 9 17
16 6 2
16 20 228
16 10 6
16 4 1145
16 1 277
16 14 4
16 12 24
16 22 9
10 1 146
10 15 8
10 5 44
10 16 6
10 23 307
10 3 40
10 7 12
10 4 39
10 18 65
10 22 98
10 6 34
10 12 246
10 2 32
10 9 93
10 24 118
10 14 122
11 6 122
11 5 2074
11 9 244
11 1 183
11 14 61
11 4 305
11 2 61
13 6 35
13 12 2248
13 1 35
15 22 18
15 9 101
15 5 9390
15 17 2175
15 12 14
15 1 520
15 3 143
15 2 115
15 6 24
15 25 1131
15 18 220
15 7 42
15 10 8
15 24 4
15 4 110
14 11 61
14 17 4
14 1 19
14 5 43
14 4 23
14 23 7
14 10 122
14 12 139
14 22 48
14 6 16
14 9 36
14 18 16
14 16 4
14 2 1
14 24 149
23 14 7
23 22 5
23 10 307
23 1 4
23 5 1
23 24 8
23 12 18
22 15 18
22 8 8
22 2 137
22 10 98
22 4 18
22 24 68
22 18 40
22 5 54
22 6 98
22 3 32
22 9 41
22 1 128
22 23 5
22 16 9
22 12 112
22 14 48
25 18 234
25 17 2925
25 15 1131
25 1 156
25 5 934
17 12 1
17 15 2175
17 14 4
17 25 2925
17 5 1362
17 1 316
17 18 2610
18 9 297
18 15 220
18 14 16
18 24 44
18 17 2610
18 12 84
18 22 40
18 1 308
18 16 1
18 3 242
18 10 65
18 2 194
18 7 72
18 5 281
18 25 234
18 6 85
18 4 179
19 20 84
19 1 84
19 16 2152
19 4 421
19 21 1582
20 21 165
20 1 9
20 4 45
20 19 84
20 16 228
