*Vertices  9
1 "498" box
2 "499" box
3 "500" box
4 "501" box
5 "502" box
6 "503" box
7 "2079" box
8 "2080" box
9 "2081" box
*Edges
1 6 4495
1 7 1109
1 5 84598
1 3 64513
1 2 294462
1 9 8431
1 4 8787
1 8 1588
2 4 8065
2 5 112015
2 1 294462
2 7 3592
2 3 51127
2 9 31090
2 8 6389
2 6 18917
3 4 1345
3 8 439
3 2 51127
3 6 1292
3 1 64513
3 5 15161
3 7 327
3 9 2085
4 9 458
4 3 1345
4 2 8065
4 6 313
4 1 8787
4 5 2836
4 8 93
4 7 34
5 4 2836
5 7 1063
5 2 112015
5 9 8435
5 1 84598
5 8 1734
5 3 15161
5 6 5304
6 3 1292
6 2 18917
6 5 5304
6 9 2698
6 4 313
6 8 588
6 7 231
6 1 4495
7 1 1109
7 3 327
7 5 1063
7 9 330
7 4 34
7 8 76
7 2 3592
7 6 231
8 4 93
8 2 6389
8 1 1588
8 7 76
8 3 439
8 9 909
8 5 1734
8 6 588
9 2 31090
9 6 2698
9 1 8431
9 8 909
9 7 330
9 5 8435
9 3 2085
9 4 458
