*Vertices  9
1 "498" box
2 "499" box
3 "500" box
4 "501" box
5 "502" box
6 "503" box
7 "2079" box
8 "2080" box
9 "2081" box
*Edges
1 6 2912
1 7 1049
1 5 78593
1 3 59029
1 2 230315
1 9 7004
1 4 7818
1 8 1472
2 4 6291
2 5 96872
2 1 230315
2 7 3317
2 3 42555
2 9 23824
2 8 5815
2 6 12863
3 4 1265
3 8 431
3 2 42555
3 6 929
3 1 59029
3 5 14743
3 7 306
3 9 1796
4 9 342
4 3 1265
4 2 6291
4 6 208
4 1 7818
4 5 2593
4 8 79
4 7 29
5 4 2593
5 7 1048
5 2 96872
5 9 7052
5 1 78593
5 8 1692
5 3 14743
5 6 3906
6 3 929
6 2 12863
6 5 3906
6 9 1708
6 4 208
6 8 444
6 7 179
6 1 2912
7 1 1049
7 3 306
7 5 1048
7 9 279
7 4 29
7 8 76
7 2 3317
7 6 179
8 4 79
8 2 5815
8 1 1472
8 7 76
8 3 431
8 9 768
8 5 1692
8 6 444
9 2 23824
9 6 1708
9 1 7004
9 8 768
9 7 279
9 5 7052
9 3 1796
9 4 342
