*Vertices  9
1 "498" box
2 "499" box
3 "500" box
4 "501" box
5 "502" box
6 "503" box
7 "2079" box
8 "2080" box
9 "2081" box
*Edges
1 6 1474
1 7 475
1 5 43980
1 3 34708
1 2 121483
1 9 3921
1 4 3800
1 8 839
2 4 3557
2 5 64796
2 1 121483
2 7 729
2 3 33651
2 9 17572
2 8 4486
2 6 9005
3 4 974
3 8 401
3 2 33651
3 6 773
3 1 34708
3 5 12427
3 7 136
3 9 1584
4 9 113
4 3 974
4 2 3557
4 6 75
4 1 3800
4 5 1640
4 8 22
4 7 4
5 4 1640
5 7 215
5 2 64796
5 9 4990
5 1 43980
5 8 1247
5 3 12427
5 6 2627
6 3 773
6 2 9005
6 5 2627
6 9 1460
6 4 75
6 8 402
6 7 9
6 1 1474
7 1 475
7 3 136
7 5 215
7 9 5
7 4 4
7 8 4
7 2 729
7 6 9
8 4 22
8 2 4486
8 1 839
8 7 4
8 3 401
8 9 725
8 5 1247
8 6 402
9 2 17572
9 6 1460
9 1 3921
9 8 725
9 7 5
9 5 4990
9 3 1584
9 4 113
