*Vertices  7
1 "498" box
2 "499" box
3 "500" box
4 "502" box
5 "2079" box
6 "2080" box
7 "2081" box
*Edges
1 3 2699
1 4 1905
1 7 292
1 6 293
1 2 23884
1 5 151
2 5 336
2 6 1299
2 1 23884
2 7 1880
2 4 5304
2 3 2638
3 2 2638
3 6 113
3 7 140
3 4 397
3 5 12
3 1 2699
4 3 397
4 1 1905
4 2 5304
4 6 310
4 7 437
4 5 16
5 7 1
5 3 12
5 4 16
5 1 151
5 2 336
5 6 2
6 5 2
6 4 310
6 1 293
6 7 141
6 2 1299
6 3 113
7 3 140
7 6 141
7 2 1880
7 1 292
7 4 437
7 5 1
