*Vertices  9
1 "498" box
2 "499" box
3 "500" box
4 "501" box
5 "502" box
6 "503" box
7 "2079" box
8 "2080" box
9 "2081" box
*Edges
1 6 8750
1 7 1230
1 5 96592
1 3 74526
1 2 471203
1 9 10032
1 4 15091
1 8 1780
2 4 17810
2 5 144301
2 1 471203
2 7 4110
2 3 70714
2 9 39800
2 8 7408
2 6 35545
3 4 2198
3 8 444
3 2 70714
3 6 2199
3 1 74526
3 5 15578
3 7 335
3 9 2263
4 9 957
4 3 2198
4 2 17810
4 6 913
4 1 15091
4 5 4672
4 8 185
4 7 74
5 4 4672
5 7 1088
5 2 144301
5 9 9487
5 1 96592
5 8 1791
5 3 15578
5 6 8798
6 3 2199
6 2 35545
6 5 8798
6 9 4707
6 4 913
6 8 936
6 7 386
6 1 8750
7 1 1230
7 3 335
7 5 1088
7 9 360
7 4 74
7 8 76
7 2 4110
7 6 386
8 4 185
8 2 7408
8 1 1780
8 7 76
8 3 444
8 9 994
8 5 1791
8 6 936
9 2 39800
9 6 4707
9 1 10032
9 8 994
9 7 360
9 5 9487
9 3 2263
9 4 957
