*Vertices  9
1 "498" box
2 "499" box
3 "500" box
4 "501" box
5 "502" box
6 "503" box
7 "2079" box
8 "2080" box
9 "2081" box
*Edges
1 9 1743
1 5 18374
1 4 1595
1 3 6440
1 6 187
1 2 51801
1 7 414
1 8 713
2 8 3231
2 1 51801
2 3 6816
2 5 23953
2 4 688
2 9 8506
2 7 573
2 6 1074
3 2 6816
3 6 59
3 5 1821
3 8 184
3 1 6440
3 4 75
3 9 444
3 7 50
4 5 445
4 2 688
4 7 4
4 8 2
4 3 75
4 1 1595
4 9 21
5 8 942
5 3 1821
5 1 18374
5 6 329
5 4 445
5 9 2392
5 7 115
5 2 23953
6 1 187
6 9 175
6 7 1
6 2 1074
6 3 59
6 8 71
6 5 329
7 3 50
7 1 414
7 6 1
7 9 5
7 2 573
7 5 115
7 4 4
7 8 4
8 4 2
8 3 184
8 1 713
8 6 71
8 5 942
8 7 4
8 9 496
8 2 3231
9 2 8506
9 3 444
9 8 496
9 4 21
9 7 5
9 6 175
9 5 2392
9 1 1743
