*Vertices  7
1 "498" box
2 "499" box
3 "500" box
4 "502" box
5 "2079" box
6 "2080" box
7 "2081" box
*Edges
1 3 3084
1 4 2208
1 7 422
1 6 456
1 2 27078
1 5 167
2 5 352
2 6 2035
2 1 27078
2 7 2561
2 4 6089
2 3 2829
3 2 2829
3 6 157
3 7 170
3 4 417
3 5 12
3 1 3084
4 3 417
4 1 2208
4 2 6089
4 6 464
4 7 563
4 5 16
5 7 1
5 3 12
5 4 16
5 1 167
5 2 352
5 6 2
6 5 2
6 4 464
6 1 456
6 7 239
6 2 2035
6 3 157
7 3 170
7 6 239
7 2 2561
7 1 422
7 4 563
7 5 1
