*Vertices  9
1 "498" box
2 "499" box
3 "500" box
4 "501" box
5 "502" box
6 "503" box
7 "2079" box
8 "2080" box
9 "2081" box
*Edges
1 6 5288
1 7 1118
1 5 84830
1 3 64542
1 2 330595
1 9 8676
1 4 9499
1 8 1602
2 4 10326
2 5 122281
2 1 330595
2 7 3779
2 3 56704
2 9 34154
2 8 6774
2 6 21792
3 4 1501
3 8 439
3 2 56704
3 6 1481
3 1 64542
3 5 15192
3 7 327
3 9 2139
4 9 609
4 3 1501
4 2 10326
4 6 430
4 1 9499
4 5 3229
4 8 122
4 7 47
5 4 3229
5 7 1073
5 2 122281
5 9 8758
5 1 84830
5 8 1748
5 3 15192
5 6 5807
6 3 1481
6 2 21792
6 5 5807
6 9 2991
6 4 430
6 8 632
6 7 255
6 1 5288
7 1 1118
7 3 327
7 5 1073
7 9 340
7 4 47
7 8 76
7 2 3779
7 6 255
8 4 122
8 2 6774
8 1 1602
8 7 76
8 3 439
8 9 937
8 5 1748
8 6 632
9 2 34154
9 6 2991
9 1 8676
9 8 937
9 7 340
9 5 8758
9 3 2139
9 4 609
