*Vertices  9
1 "498" box
2 "499" box
3 "500" box
4 "501" box
5 "502" box
6 "503" box
7 "2079" box
8 "2080" box
9 "2081" box
*Edges
1 6 2138
1 7 867
1 5 57799
1 3 43238
1 2 155382
1 9 5334
1 4 5209
1 8 1153
2 4 3872
2 5 78956
2 1 155382
2 7 2943
2 3 35123
2 9 20586
2 8 5189
2 6 10784
3 4 1044
3 8 401
3 2 35123
3 6 796
3 1 43238
3 5 13171
3 7 277
3 9 1611
4 9 119
4 3 1044
4 2 3872
4 6 76
4 1 5209
4 5 1895
4 8 22
4 7 9
5 4 1895
5 7 915
5 2 78956
5 9 6081
5 1 57799
5 8 1499
5 3 13171
5 6 3258
6 3 796
6 2 10784
6 5 3258
6 9 1542
6 4 76
6 8 416
6 7 168
6 1 2138
7 1 867
7 3 277
7 5 915
7 9 267
7 4 9
7 8 76
7 2 2943
7 6 168
8 4 22
8 2 5189
8 1 1153
8 7 76
8 3 401
8 9 739
8 5 1499
8 6 416
9 2 20586
9 6 1542
9 1 5334
9 8 739
9 7 267
9 5 6081
9 3 1611
9 4 119
