*Vertices  9
1 "498" box
2 "499" box
3 "500" box
4 "501" box
5 "502" box
6 "503" box
7 "2079" box
8 "2080" box
9 "2081" box
*Edges
1 6 7250
1 7 1199
1 5 94413
1 3 73075
1 2 460030
1 9 9584
1 4 14639
1 8 1707
2 4 17214
2 5 143166
2 1 460030
2 7 4065
2 3 70459
2 9 38681
2 8 7281
2 6 30233
3 4 2173
3 8 444
3 2 70459
3 6 1912
3 1 73075
3 5 15578
3 7 335
3 9 2238
4 9 876
4 3 2173
4 2 17214
4 6 744
4 1 14639
4 5 4534
4 8 171
4 7 69
5 4 4534
5 7 1088
5 2 143166
5 9 9369
5 1 94413
5 8 1791
5 3 15578
5 6 7649
6 3 1912
6 2 30233
6 5 7649
6 9 4006
6 4 744
6 8 805
6 7 341
6 1 7250
7 1 1199
7 3 335
7 5 1088
7 9 355
7 4 69
7 8 76
7 2 4065
7 6 341
8 4 171
8 2 7281
8 1 1707
8 7 76
8 3 444
8 9 980
8 5 1791
8 6 805
9 2 38681
9 6 4006
9 1 9584
9 8 980
9 7 355
9 5 9369
9 3 2238
9 4 876
