*Vertices  7
1 "498" box
2 "499" box
3 "500" box
4 "502" box
5 "2079" box
6 "2080" box
7 "2081" box
*Edges
1 3 4020
1 4 2877
1 7 689
1 6 608
1 2 40551
1 5 289
2 5 489
2 6 2433
2 1 40551
2 7 3773
2 4 7336
2 3 3848
3 2 3848
3 6 158
3 7 210
3 4 427
3 5 20
3 1 4020
4 3 427
4 1 2877
4 2 7336
4 6 464
4 7 691
4 5 22
5 7 1
5 3 20
5 4 22
5 1 289
5 2 489
5 6 3
6 5 3
6 4 464
6 1 608
6 7 295
6 2 2433
6 3 158
7 3 210
7 6 295
7 2 3773
7 1 689
7 4 691
7 5 1
