*Vertices  9
1 "498" box
2 "499" box
3 "500" box
4 "501" box
5 "502" box
6 "503" box
7 "2079" box
8 "2080" box
9 "2081" box
*Edges
1 6 2356
1 7 941
1 5 67468
1 3 49813
1 2 178389
1 9 5928
1 4 6198
1 8 1270
2 4 4619
2 5 84180
2 1 178389
2 7 3111
2 3 35610
2 9 21455
2 8 5421
2 6 11270
3 4 1091
3 8 401
3 2 35610
3 6 796
3 1 49813
3 5 13396
3 7 280
3 9 1611
4 9 223
4 3 1091
4 2 4619
4 6 136
4 1 6198
4 5 2160
4 8 50
4 7 19
5 4 2160
5 7 990
5 2 84180
5 9 6457
5 1 67468
5 8 1599
5 3 13396
5 6 3478
6 3 796
6 2 11270
6 5 3478
6 9 1542
6 4 136
6 8 416
6 7 169
6 1 2356
7 1 941
7 3 280
7 5 990
7 9 269
7 4 19
7 8 76
7 2 3111
7 6 169
8 4 50
8 2 5421
8 1 1270
8 7 76
8 3 401
8 9 739
8 5 1599
8 6 416
9 2 21455
9 6 1542
9 1 5928
9 8 739
9 7 269
9 5 6457
9 3 1611
9 4 223
