*Vertices  9
1 "498" box
2 "499" box
3 "500" box
4 "501" box
5 "502" box
6 "503" box
7 "2079" box
8 "2080" box
9 "2081" box
*Edges
1 6 2504
1 7 997
1 5 73641
1 3 54241
1 2 214764
1 9 6329
1 4 6822
1 8 1351
2 4 5107
2 5 90420
2 1 214764
2 7 3239
2 3 39044
2 9 22337
2 8 5640
2 6 11721
3 4 1091
3 8 401
3 2 39044
3 6 796
3 1 54241
3 5 13419
3 7 280
3 9 1611
4 9 223
4 3 1091
4 2 5107
4 6 136
4 1 6822
4 5 2163
4 8 50
4 7 19
5 4 2163
5 7 995
5 2 90420
5 9 6509
5 1 73641
5 8 1613
5 3 13419
5 6 3507
6 3 796
6 2 11721
6 5 3507
6 9 1542
6 4 136
6 8 416
6 7 169
6 1 2504
7 1 997
7 3 280
7 5 995
7 9 269
7 4 19
7 8 76
7 2 3239
7 6 169
8 4 50
8 2 5640
8 1 1351
8 7 76
8 3 401
8 9 739
8 5 1613
8 6 416
9 2 22337
9 6 1542
9 1 6329
9 8 739
9 7 269
9 5 6509
9 3 1611
9 4 223
