*Vertices  9
1 "498" box
2 "499" box
3 "500" box
4 "501" box
5 "502" box
6 "503" box
7 "2079" box
8 "2080" box
9 "2081" box
*Edges
1 6 1637
1 7 722
1 5 45217
1 3 34874
1 2 124923
1 9 4151
1 4 3918
1 8 896
2 4 3711
2 5 72660
2 1 124923
2 7 2823
2 3 34652
2 9 19254
2 8 4928
2 6 10235
3 4 994
3 8 401
3 2 34652
3 6 796
3 1 34874
3 5 12836
3 7 277
3 9 1584
4 9 114
4 3 994
4 2 3711
4 6 76
4 1 3918
4 5 1749
4 8 22
4 7 9
5 4 1749
5 7 829
5 2 72660
5 9 5522
5 1 45217
5 8 1379
5 3 12836
5 6 2992
6 3 796
6 2 10235
6 5 2992
6 9 1511
6 4 76
6 8 416
6 7 168
6 1 1637
7 1 722
7 3 277
7 5 829
7 9 262
7 4 9
7 8 76
7 2 2823
7 6 168
8 4 22
8 2 4928
8 1 896
8 7 76
8 3 401
8 9 725
8 5 1379
8 6 416
9 2 19254
9 6 1511
9 1 4151
9 8 725
9 7 262
9 5 5522
9 3 1584
9 4 114
