*Vertices  7
1 "498" box
2 "499" box
3 "500" box
4 "502" box
5 "2079" box
6 "2080" box
7 "2081" box
*Edges
1 3 3914
1 4 2877
1 7 689
1 6 608
1 2 39941
1 5 214
2 5 385
2 6 2234
2 1 39941
2 7 3430
2 4 6832
2 3 3546
3 2 3546
3 6 158
3 7 210
3 4 421
3 5 12
3 1 3914
4 3 421
4 1 2877
4 2 6832
4 6 464
4 7 691
4 5 16
5 7 1
5 3 12
5 4 16
5 1 214
5 2 385
5 6 2
6 5 2
6 4 464
6 1 608
6 7 295
6 2 2234
6 3 158
7 3 210
7 6 295
7 2 3430
7 1 689
7 4 691
7 5 1
