*Vertices  8
1 "498" box
2 "499" box
3 "500" box
4 "501" box
5 "502" box
6 "2079" box
7 "2080" box
8 "2081" box
*Edges
1 5 7940
1 7 608
1 8 754
1 6 364
1 3 4099
1 4 2
1 2 41138
2 5 13815
2 1 41138
2 7 2638
2 3 4102
2 8 4480
2 6 554
2 4 125
3 1 4099
3 4 1
3 7 160
3 6 31
3 5 754
3 2 4102
3 8 230
4 3 1
4 8 6
4 5 59
4 2 125
4 1 2
5 2 13815
5 4 59
5 3 754
5 1 7940
5 8 1025
5 7 619
5 6 81
6 1 364
6 7 4
6 3 31
6 8 1
6 5 81
6 2 554
7 1 608
7 6 4
7 5 619
7 3 160
7 2 2638
7 8 323
8 3 230
8 4 6
8 2 4480
8 7 323
8 1 754
8 5 1025
8 6 1
