*Vertices  8
1 "498" box
2 "499" box
3 "500" box
4 "501" box
5 "502" box
6 "2079" box
7 "2080" box
8 "2081" box
*Edges
1 5 3077
1 8 722
1 3 4099
1 6 364
1 7 608
1 2 40686
2 1 40686
2 7 2491
2 6 542
2 4 92
2 3 3987
2 5 7971
2 8 4037
3 5 463
3 8 220
3 6 31
3 7 160
3 4 1
3 1 4099
3 2 3987
4 3 1
4 2 92
4 8 2
5 6 29
5 3 463
5 2 7971
5 7 493
5 1 3077
5 8 768
6 2 542
6 3 31
6 7 4
6 5 29
6 1 364
6 8 1
7 2 2491
7 3 160
7 5 493
7 6 4
7 8 309
7 1 608
8 5 768
8 7 309
8 2 4037
8 1 722
8 6 1
8 4 2
8 3 220
