*Vertices  8
1 "498" box
2 "499" box
3 "500" box
4 "501" box
5 "502" box
6 "2079" box
7 "2080" box
8 "2081" box
*Edges
1 4 1351
1 7 654
1 3 4347
1 6 388
1 2 46141
1 5 9684
1 8 898
2 3 4317
2 8 5441
2 6 559
2 7 2940
2 5 16950
2 1 46141
2 4 662
3 6 31
3 1 4347
3 4 32
3 2 4317
3 8 250
3 5 873
3 7 160
4 6 4
4 2 662
4 7 2
4 3 32
4 1 1351
4 5 219
4 8 14
5 1 9684
5 4 219
5 8 1383
5 6 84
5 2 16950
5 7 777
5 3 873
6 2 559
6 4 4
6 1 388
6 7 4
6 5 84
6 8 1
6 3 31
7 5 777
7 8 351
7 4 2
7 2 2940
7 3 160
7 1 654
7 6 4
8 1 898
8 4 14
8 7 351
8 3 250
8 6 1
8 2 5441
8 5 1383
