*Vertices  9
1 "498" box
2 "499" box
3 "500" box
4 "501" box
5 "502" box
6 "503" box
7 "2079" box
8 "2080" box
9 "2081" box
*Edges
1 6 3414
1 7 1098
1 5 84118
1 3 64452
1 2 260606
1 9 8046
1 4 8516
1 8 1560
2 4 6728
2 5 101950
2 1 260606
2 7 3419
2 3 45864
2 9 27831
2 8 6062
2 6 14041
3 4 1300
3 8 438
3 2 45864
3 6 997
3 1 64452
3 5 15104
3 7 327
3 9 1998
4 9 378
4 3 1300
4 2 6728
4 6 219
4 1 8516
4 5 2628
4 8 79
4 7 29
5 4 2628
5 7 1053
5 2 101950
5 9 7921
5 1 84118
5 8 1706
5 3 15104
5 6 4125
6 3 997
6 2 14041
6 5 4125
6 9 2019
6 4 219
6 8 462
6 7 184
6 1 3414
7 1 1098
7 3 327
7 5 1053
7 9 315
7 4 29
7 8 76
7 2 3419
7 6 184
8 4 79
8 2 6062
8 1 1560
8 7 76
8 3 438
8 9 867
8 5 1706
8 6 462
9 2 27831
9 6 2019
9 1 8046
9 8 867
9 7 315
9 5 7921
9 3 1998
9 4 378
