*Vertices  9
1 "498" box
2 "499" box
3 "500" box
4 "501" box
5 "502" box
6 "503" box
7 "2079" box
8 "2080" box
9 "2081" box
*Edges
1 6 960
1 7 471
1 5 25551
1 3 23964
1 2 76634
1 9 3597
1 4 2546
1 8 808
2 4 1182
2 5 31879
2 1 76634
2 7 626
2 3 16200
2 9 13910
2 8 3665
2 6 4441
3 4 428
3 8 301
3 2 16200
3 6 376
3 1 23964
3 5 5566
3 7 119
3 9 1127
4 9 42
4 3 428
4 2 1182
4 6 27
4 1 2546
4 5 588
4 8 5
4 7 4
5 4 588
5 7 135
5 2 31879
5 9 3794
5 1 25551
5 8 986
5 3 5566
5 6 1234
6 3 376
6 2 4441
6 5 1234
6 9 864
6 4 27
6 8 243
6 7 7
6 1 960
7 1 471
7 3 119
7 5 135
7 9 5
7 4 4
7 8 4
7 2 626
7 6 7
8 4 5
8 2 3665
8 1 808
8 7 4
8 3 301
8 9 711
8 5 986
8 6 243
9 2 13910
9 6 864
9 1 3597
9 8 711
9 7 5
9 5 3794
9 3 1127
9 4 42
