*Vertices  9
1 "498" box
2 "499" box
3 "500" box
4 "501" box
5 "502" box
6 "503" box
7 "2079" box
8 "2080" box
9 "2081" box
*Edges
1 6 1373
1 7 471
1 5 28237
1 3 34001
1 2 102160
1 9 3638
1 4 3114
1 8 808
2 4 2204
2 5 42806
2 1 102160
2 7 678
2 3 28861
2 9 15776
2 8 4072
2 6 7869
3 4 780
3 8 401
3 2 28861
3 6 747
3 1 34001
3 5 8578
3 7 136
3 9 1560
4 9 51
4 3 780
4 2 2204
4 6 42
4 1 3114
4 5 913
4 8 6
4 7 4
5 4 913
5 7 153
5 2 42806
5 9 4222
5 1 28237
5 8 1073
5 3 8578
5 6 2197
6 3 747
6 2 7869
6 5 2197
6 9 1407
6 4 42
6 8 388
6 7 8
6 1 1373
7 1 471
7 3 136
7 5 153
7 9 5
7 4 4
7 8 4
7 2 678
7 6 8
8 4 6
8 2 4072
8 1 808
8 7 4
8 3 401
8 9 725
8 5 1073
8 6 388
9 2 15776
9 6 1407
9 1 3638
9 8 725
9 7 5
9 5 4222
9 3 1560
9 4 51
