*Vertices  9
1 "498" box
2 "499" box
3 "500" box
4 "501" box
5 "502" box
6 "503" box
7 "2079" box
8 "2080" box
9 "2081" box
*Edges
1 6 1636
1 7 475
1 5 44367
1 3 34806
1 2 123178
1 9 4143
1 4 3827
1 8 895
2 4 3603
2 5 65857
2 1 123178
2 7 731
2 3 33887
2 9 17993
2 8 4600
2 6 9531
3 4 983
3 8 401
3 2 33887
3 6 796
3 1 34806
3 5 12450
3 7 136
3 9 1584
4 9 114
4 3 983
4 2 3603
4 6 76
4 1 3827
4 5 1655
4 8 22
4 7 4
5 4 1655
5 7 215
5 2 65857
5 9 5041
5 1 44367
5 8 1261
5 3 12450
5 6 2735
6 3 796
6 2 9531
6 5 2735
6 9 1511
6 4 76
6 8 416
6 7 9
6 1 1636
7 1 475
7 3 136
7 5 215
7 9 5
7 4 4
7 8 4
7 2 731
7 6 9
8 4 22
8 2 4600
8 1 895
8 7 4
8 3 401
8 9 725
8 5 1261
8 6 416
9 2 17993
9 6 1511
9 1 4143
9 8 725
9 7 5
9 5 5041
9 3 1584
9 4 114
