*Vertices  9
1 "527" box
2 "543" box
3 "678" box
4 "679" box
5 "682" box
6 "683" box
7 "818" box
8 "1525" box
9 "1527" box
*Edges
1 2 28
1 3 421
1 5 1967
1 4 22
1 8 75
1 9 67
1 7 120
2 1 28
2 5 14
3 1 421
3 5 12
4 1 22
4 5 1
5 1 1967
5 2 14
5 8 28
5 4 1
5 3 12
5 9 13
5 7 24
7 5 24
7 9 1
7 1 120
8 5 28
8 1 75
9 1 67
9 7 1
9 5 13
