*Vertices  8
1 "10" box
2 "11" box
3 "13" box
4 "14" box
5 "15" box
6 "16" box
7 "17" box
8 "18" box
*Edges
1 7 97
1 5 24
1 4 147
1 3 3317
1 2 25
1 6 185
1 8 1
2 4 14
2 1 25
2 5 2
2 7 18
2 6 4
2 3 140
3 2 140
3 5 204
3 6 2038
3 8 27
3 1 3317
3 7 889
3 4 1380
4 1 147
4 8 3
4 6 179
4 2 14
4 7 87
4 3 1380
4 5 45
5 2 2
5 3 204
5 4 45
5 1 24
5 7 16
5 6 22
6 4 179
6 8 4
6 1 185
6 3 2038
6 5 22
6 7 141
6 2 4
7 3 889
7 1 97
7 8 33
7 2 18
7 4 87
7 6 141
7 5 16
8 4 3
8 1 1
8 3 27
8 7 33
8 6 4
