*Vertices  8
1 "10" box
2 "11" box
3 "13" box
4 "14" box
5 "15" box
6 "16" box
7 "17" box
8 "18" box
*Edges
1 7 97
1 5 24
1 4 147
1 3 2809
1 2 25
1 6 137
1 8 1
2 4 14
2 1 25
2 5 2
2 7 18
2 6 4
2 3 83
3 2 83
3 5 161
3 6 1084
3 8 26
3 1 2809
3 7 578
3 4 943
4 1 147
4 8 3
4 6 151
4 2 14
4 7 87
4 3 943
4 5 45
5 2 2
5 3 161
5 4 45
5 1 24
5 7 16
5 6 18
6 4 151
6 8 4
6 1 137
6 3 1084
6 5 18
6 7 99
6 2 4
7 3 578
7 1 97
7 8 33
7 2 18
7 4 87
7 6 99
7 5 16
8 4 3
8 1 1
8 3 26
8 7 33
8 6 4
