*Vertices  14
1 "24" box
2 "412" box
3 "430" box
4 "2774" box
5 "2776" box
6 "2777" box
7 "2778" box
8 "2779" box
9 "2780" box
10 "2782" box
11 "2784" box
12 "2785" box
13 "2786" box
14 "2787" box
*Edges
1 6 1496
1 3 2876
1 12 4455
1 14 927
1 9 314
1 7 15402
1 13 37
1 4 654
1 2 6654
1 10 36192
1 8 9
1 11 4936
1 5 1202
2 7 11093
2 4 200
2 3 2981
2 11 5958
2 9 42
2 5 327
2 14 862
2 1 6654
2 10 56230
3 1 2876
3 2 2981
3 5 670
3 9 7
3 4 118
3 11 5888
3 14 1711
3 7 18746
3 10 9354
4 3 118
4 2 200
4 1 654
4 13 2
4 14 44
4 5 287
4 11 288
4 10 386
4 9 59
4 7 1872
5 7 3824
5 9 3
5 3 670
5 4 287
5 14 343
5 2 327
5 11 1012
5 1 1202
5 10 960
6 1 1496
6 8 128
6 7 47516
6 9 14
7 2 11093
7 9 90
7 14 11753
7 6 47516
7 5 3824
7 3 18746
7 12 43
7 10 37274
7 11 37761
7 1 15402
7 4 1872
7 8 254
8 1 9
8 7 254
8 6 128
9 3 7
9 11 109
9 1 314
9 4 59
9 6 14
9 2 42
9 5 3
9 7 90
9 10 580
10 2 56230
10 3 9354
10 7 37274
10 9 580
10 12 554
10 1 36192
10 11 21764
10 5 960
10 4 386
10 14 2731
11 1 4936
11 4 288
11 2 5958
11 3 5888
11 5 1012
11 9 109
11 10 21764
11 7 37761
11 14 3161
12 7 43
12 10 554
12 1 4455
13 1 37
13 4 2
14 2 862
14 1 927
14 5 343
14 10 2731
14 4 44
14 7 11753
14 3 1711
14 11 3161
