*Vertices  25
1 "21" box
2 "22" box
3 "23" box
4 "24" box
5 "25" box
6 "29" box
7 "412" box
8 "430" box
9 "2589" box
10 "2774" box
11 "2776" box
12 "2777" box
13 "2778" box
14 "2779" box
15 "2780" box
16 "2782" box
17 "2784" box
18 "2785" box
19 "2786" box
20 "2787" box
21 "2789" box
22 "2792" box
23 "2793" box
24 "2794" box
25 "493" box
*Edges
1 10 24
1 14 51
1 19 100
1 12 5965
1 22 65
1 7 23
1 5 23
1 8 48
1 23 97
1 2 180
1 11 13
1 16 38
1 20 38
1 13 2204
1 4 633
1 18 1
1 21 10
1 6 113
1 9 38
1 17 19
2 7 10
2 14 4
2 6 16
2 1 180
2 4 146
2 16 2
2 12 3344
2 13 472
2 20 1
2 10 4
2 23 5
3 25 128
4 11 2183
4 5 206
4 23 15173
4 18 6141
4 6 6053
4 9 4460
4 8 8217
4 21 3309
4 24 3499
4 19 566
4 20 2030
4 2 146
4 22 2720
4 1 633
4 13 35529
4 7 16907
4 16 54890
4 15 364
4 14 147
4 12 6437
4 17 6637
4 10 1473
5 12 123
5 24 47
5 21 57
5 7 20
5 4 206
5 18 61
5 1 23
5 19 35
5 23 168
5 8 19
5 11 9
5 13 101
5 9 61
5 17 12
5 16 54
5 22 188
5 14 10
5 20 32
5 6 77
6 11 556
6 7 1853
6 1 113
6 18 104
6 4 6053
6 2 16
6 24 258
6 9 1495
6 12 211
6 14 45
6 17 1319
6 13 10639
6 8 1754
6 16 4823
6 21 34
6 10 875
6 22 1347
6 20 697
6 19 216
6 5 77
6 23 4160
7 12 8
7 22 165
7 20 1254
7 2 10
7 9 2459
7 24 2176
7 8 4976
7 14 25
7 15 74
7 1 23
7 5 20
7 4 16907
7 6 1853
7 10 228
7 19 116
7 23 7337
7 11 340
7 16 83408
7 13 15437
7 17 6185
8 22 557
8 15 25
8 13 31492
8 7 4976
8 12 9
8 6 1754
8 11 870
8 16 15128
8 17 7085
8 5 19
8 9 485
8 1 48
8 24 20
8 4 8217
8 19 88
8 20 3003
8 14 23
8 10 189
8 23 1370
25 3 128
9 10 146
9 11 158
9 15 2
9 24 162
9 13 2277
9 8 485
9 4 4460
9 1 38
9 18 1475
9 12 124
9 7 2459
9 19 42
9 17 670
9 22 540
9 23 1613
9 21 1559
9 5 61
9 6 1495
9 14 6
9 20 249
9 16 5377
10 4 1473
10 13 2703
10 20 55
10 12 1
10 1 24
10 8 189
10 9 146
10 16 434
10 15 59
10 19 23
10 24 18
10 2 4
10 14 15
10 22 67
10 23 358
10 7 228
10 6 875
10 11 287
10 17 288
11 9 158
11 7 340
11 10 287
11 24 13
11 16 1017
11 4 2183
11 20 489
11 5 9
11 8 870
11 12 2
11 14 6
11 13 5100
11 19 28
11 22 185
11 6 556
11 17 1012
11 23 354
11 15 3
11 1 13
12 16 31
12 6 211
12 19 58
12 2 3344
12 15 14
12 17 32
12 9 124
12 7 8
12 5 123
12 11 2
12 21 4
12 14 648
12 20 16
12 13 117766
12 4 6437
12 10 1
12 1 5965
12 8 9
13 16 50622
13 8 31492
13 15 203
13 14 1400
13 6 10639
13 22 2023
13 7 15437
13 4 35529
13 23 6432
13 24 265
13 2 472
13 19 449
13 21 77
13 17 50053
13 20 22096
13 5 101
13 9 2277
13 18 193
13 12 117766
13 11 5100
13 1 2204
13 10 2703
14 1 51
14 21 1
14 8 23
14 6 45
14 13 1400
14 23 11
14 17 69
14 7 25
14 4 147
14 12 648
14 10 15
14 11 6
14 5 10
14 20 33
14 16 70
14 2 4
14 9 6
15 23 6
15 10 59
15 7 74
15 13 203
15 8 25
15 9 2
15 16 590
15 17 109
15 4 364
15 12 14
15 11 3
16 11 1017
16 5 54
16 13 50622
16 12 31
16 8 15128
16 17 22052
16 15 590
16 2 2
16 7 83408
16 18 691
16 9 5377
16 4 54890
16 24 1061
16 19 227
16 10 434
16 6 4823
16 20 3976
16 21 354
16 1 38
16 22 770
16 23 8195
16 14 70
17 24 31
17 22 105
17 20 4477
17 5 12
17 23 750
17 12 32
17 10 288
17 14 69
17 1 19
17 7 6185
17 11 1012
17 19 27
17 9 670
17 13 50053
17 4 6637
17 8 7085
17 6 1319
17 15 109
17 16 22052
18 19 52
18 13 193
18 22 2252
18 9 1475
18 23 8
18 5 61
18 24 35
18 21 6492
18 4 6141
18 16 691
18 1 1
18 6 104
19 17 27
19 7 116
19 13 449
19 4 566
19 11 28
19 20 8
19 1 100
19 24 2
19 18 52
19 8 88
19 16 227
19 23 76
19 21 436
19 12 58
19 22 917
19 10 23
19 5 35
19 6 216
19 9 42
20 10 55
20 5 32
20 24 6
20 9 249
20 23 425
20 16 3976
20 11 489
20 4 2030
20 19 8
20 17 4477
20 14 33
20 7 1254
20 2 1
20 8 3003
20 22 276
20 13 22096
20 12 16
20 6 697
20 1 38
21 22 1066
21 9 1559
21 19 436
21 13 77
21 5 57
21 24 20
21 16 354
21 18 6492
21 14 1
21 4 3309
21 12 4
21 23 16
21 1 10
21 6 34
22 19 917
22 21 1066
22 11 185
22 5 188
22 24 9
22 13 2023
22 4 2720
22 17 105
22 6 1347
22 1 65
22 10 67
22 16 770
22 9 540
22 20 276
22 23 732
22 8 557
22 18 2252
22 7 165
23 1 97
23 17 750
23 24 3561
23 11 354
23 2 5
23 14 11
23 21 16
23 7 7337
23 5 168
23 18 8
23 19 76
23 22 732
23 10 358
23 9 1613
23 15 6
23 16 8195
23 8 1370
23 20 425
23 4 15173
23 13 6432
23 6 4160
24 21 20
24 9 162
24 18 35
24 19 2
24 20 6
24 7 2176
24 6 258
24 16 1061
24 13 265
24 10 18
24 8 20
24 11 13
24 23 3561
24 5 47
24 4 3499
24 17 31
24 22 9
