*Vertices  8
1 "24" box
2 "2774" box
3 "2776" box
4 "2777" box
5 "2778" box
6 "2779" box
7 "2780" box
8 "2782" box
*Edges
1 2 223
1 3 237
1 7 238
1 5 2414
1 8 10184
2 1 223
2 3 261
2 7 59
2 5 726
2 8 216
3 1 237
3 8 263
3 7 3
3 2 261
3 5 1072
4 6 2
4 5 15283
5 6 72
5 1 2414
5 3 1072
5 2 726
5 7 72
5 4 15283
5 8 3156
6 5 72
6 4 2
7 1 238
7 8 371
7 5 72
7 3 3
7 2 59
8 7 371
8 3 263
8 5 3156
8 1 10184
8 2 216
