*Vertices  15
1 "24" box
2 "412" box
3 "430" box
4 "2774" box
5 "2776" box
6 "2777" box
7 "2778" box
8 "2779" box
9 "2780" box
10 "2782" box
11 "2784" box
12 "2785" box
13 "2786" box
14 "2787" box
15 "2789" box
*Edges
1 6 2199
1 4 765
1 2 7690
1 3 4771
1 5 1429
1 8 11
1 12 5658
1 11 5025
1 7 19596
1 10 40586
1 13 43
1 14 1256
1 15 625
1 9 334
2 11 6166
2 5 330
2 1 7690
2 7 13676
2 10 73094
2 3 4370
2 4 221
2 14 1133
2 9 74
3 11 6986
3 5 845
3 7 28566
3 10 13428
3 14 2756
3 1 4771
3 2 4370
3 4 176
3 9 25
4 13 2
4 14 52
4 3 176
4 5 287
4 9 59
4 1 765
4 2 221
4 10 407
4 11 288
4 7 2413
5 3 845
5 7 4745
5 2 330
5 1 1429
5 10 986
5 11 1012
5 14 456
5 4 287
5 9 3
6 8 175
6 7 78696
6 1 2199
6 9 14
7 9 152
7 11 46268
7 2 13676
7 12 182
7 10 45242
7 5 4745
7 13 69
7 15 16
7 1 19596
7 8 320
7 4 2413
7 6 78696
7 14 18127
7 3 28566
8 7 320
8 1 11
8 6 175
9 11 109
9 7 152
9 1 334
9 3 25
9 5 3
9 6 14
9 10 589
9 2 74
9 4 59
10 2 73094
10 11 21971
10 7 45242
10 4 407
10 3 13428
10 14 3569
10 1 40586
10 12 691
10 15 81
10 9 589
10 5 986
11 10 21971
11 7 46268
11 2 6166
11 14 4123
11 5 1012
11 9 109
11 1 5025
11 4 288
11 3 6986
12 1 5658
12 7 182
12 15 1537
12 10 691
13 7 69
13 4 2
13 1 43
14 5 456
14 7 18127
14 2 1133
14 10 3569
14 4 52
14 11 4123
14 1 1256
14 3 2756
15 7 16
15 12 1537
15 10 81
15 1 625
