*Vertices  16
1 "24" box
2 "412" box
3 "430" box
4 "2589" box
5 "2774" box
6 "2776" box
7 "2777" box
8 "2778" box
9 "2779" box
10 "2780" box
11 "2782" box
12 "2784" box
13 "2785" box
14 "2786" box
15 "2787" box
16 "2789" box
*Edges
1 3 5956
1 6 1773
1 7 2810
1 14 318
1 16 2600
1 2 11552
1 5 1101
1 12 5810
1 13 5892
1 9 16
1 10 360
1 8 23655
1 11 48985
1 15 1538
1 4 343
2 10 74
2 12 6185
2 5 227
2 3 4976
2 7 8
2 11 83208
2 15 1253
2 8 15422
2 1 11552
2 6 340
3 7 9
3 12 7085
3 10 25
3 8 31486
3 11 15128
3 6 870
3 2 4976
3 14 45
3 1 5956
3 5 189
3 15 3003
4 16 936
4 1 343
4 11 44
4 13 974
4 8 10
5 2 227
5 1 1101
5 10 59
5 14 2
5 3 189
5 8 2688
5 11 434
5 15 55
5 7 1
5 12 288
5 6 287
6 3 870
6 8 5100
6 11 1017
6 2 340
6 1 1773
6 5 287
6 7 2
6 15 489
6 10 3
6 12 1012
7 1 2810
7 2 8
7 12 32
7 6 2
7 14 58
7 8 99846
7 16 4
7 5 1
7 9 367
7 3 9
7 11 31
7 15 16
7 10 14
8 16 67
8 12 50027
8 11 50599
8 7 99846
8 1 23655
8 3 31486
8 9 353
8 2 15422
8 4 10
8 10 203
8 6 5100
8 15 22096
8 14 237
8 5 2688
8 13 193
9 8 353
9 7 367
9 16 1
9 1 16
10 2 74
10 5 59
10 7 14
10 3 25
10 11 590
10 8 203
10 12 109
10 6 3
10 1 360
11 3 15128
11 10 590
11 15 3976
11 5 434
11 6 1017
11 4 44
11 1 48985
11 2 83208
11 12 22052
11 8 50599
11 13 691
11 16 296
11 7 31
12 1 5810
12 8 50027
12 10 109
12 2 6185
12 5 288
12 6 1012
12 11 22052
12 7 32
12 15 4477
12 3 7085
13 16 5700
13 11 691
13 8 193
13 4 974
13 1 5892
14 1 318
14 8 237
14 16 255
14 5 2
14 7 58
14 3 45
15 11 3976
15 12 4477
15 2 1253
15 6 489
15 8 22096
15 3 3003
15 7 16
15 1 1538
15 5 55
16 9 1
16 13 5700
16 1 2600
16 11 296
16 7 4
16 4 936
16 14 255
16 8 67
