*Vertices  30
1 "21" box
2 "22" box
3 "23" box
4 "24" box
5 "25" box
6 "29" box
7 "32" box
8 "412" box
9 "430" box
10 "2589" box
11 "2590" box
12 "2774" box
13 "2776" box
14 "2777" box
15 "2778" box
16 "2779" box
17 "2780" box
18 "2782" box
19 "2784" box
20 "2785" box
21 "2786" box
22 "2787" box
23 "2789" box
24 "2792" box
25 "2793" box
26 "2794" box
27 "2795" box
28 "2796" box
29 "849" box
30 "493" box
*Edges
1 21 142
1 20 1
1 6 579
1 24 145
1 28 90
1 23 18
1 27 4
1 19 34
1 8 37
1 7 24
1 12 38
1 26 31
1 15 2997
1 25 409
1 11 25
1 29 299
1 16 76
1 4 1179
1 10 97
1 18 82
1 5 93
1 9 100
1 13 28
1 2 664
1 22 53
1 14 9303
2 28 10
2 12 4
2 5 13
2 4 467
2 18 4
2 29 207
2 15 1425
2 19 1
2 22 4
2 26 7
2 8 11
2 16 53
2 17 7
2 1 664
2 10 7
2 11 10
2 24 8
2 9 1
2 6 83
2 25 42
2 14 7115
3 30 3699
3 6 542
4 14 7627
4 15 38113
4 6 10185
4 27 89
4 19 6691
4 11 408
4 16 170
4 9 8297
4 22 2052
4 13 2449
4 21 1159
4 20 6249
4 2 467
4 10 5897
4 24 3859
4 26 6344
4 12 1594
4 7 1642
4 29 609
4 25 31346
4 17 365
4 18 55462
4 5 4763
4 23 3466
4 28 93
4 8 17444
4 1 1179
5 8 56
5 23 234
5 7 72
5 24 888
5 10 452
5 6 721
5 21 440
5 22 66
5 26 239
5 25 708
5 9 108
5 27 23
5 1 93
5 12 40
5 11 21
5 2 13
5 20 237
5 19 56
5 14 158
5 15 838
5 16 17
5 28 8
5 18 132
5 29 69
5 4 4763
5 13 88
6 12 1312
6 2 83
6 25 12376
6 29 78
6 24 2684
6 13 835
6 14 1242
6 11 322
6 20 223
6 19 1892
6 1 579
6 10 2683
6 7 760
6 16 71
6 18 5815
6 5 721
6 27 65
6 8 2360
6 17 4
6 9 2710
6 3 542
6 22 1132
6 15 17460
6 30 60
6 21 708
6 28 113
6 26 671
6 23 93
6 4 10185
7 8 6200
7 23 26
7 12 34
7 20 40
7 5 72
7 26 1991
7 6 760
7 15 739
7 19 98
7 27 3
7 14 19
7 16 5
7 10 321
7 24 283
7 22 55
7 21 6
7 11 151
7 18 1306
7 4 1642
7 28 4
7 1 24
7 13 34
7 9 122
7 29 26
7 25 5719
8 17 74
8 13 340
8 14 8
8 12 228
8 26 7449
8 27 71
8 9 4976
8 10 3127
8 11 1188
8 25 32496
8 7 6200
8 1 37
8 21 116
8 4 17444
8 19 6185
8 6 2360
8 24 210
8 2 11
8 18 83804
8 29 13
8 22 1254
8 16 25
8 5 56
8 28 12
8 15 15444
9 28 16
9 21 88
9 13 870
9 7 122
9 16 23
9 26 47
9 17 25
9 19 7085
9 27 1
9 11 45
9 2 1
9 15 31492
9 29 7
9 8 4976
9 4 8297
9 24 670
9 6 2710
9 1 100
9 12 189
9 14 9
9 25 2154
9 22 3003
9 18 15128
9 5 108
9 10 559
30 3 3699
30 6 60
29 16 7
29 25 68
29 24 271
29 9 7
29 15 1065
29 18 28
29 8 13
29 7 26
29 12 9
29 4 609
29 5 69
29 10 66
29 6 78
29 23 129
29 26 25
29 20 116
29 19 3
29 28 10
29 2 207
29 17 13
29 1 299
29 14 2275
29 11 6
10 2 7
10 21 74
10 14 128
10 18 6526
10 25 5211
10 7 321
10 4 5897
10 12 208
10 5 452
10 26 532
10 8 3127
10 24 988
10 9 559
10 20 1886
10 23 1906
10 16 8
10 28 24
10 27 65
10 17 2
10 15 2908
10 6 2683
10 22 269
10 11 341
10 19 710
10 1 97
10 29 66
10 13 174
11 24 44
11 21 3
11 18 1172
11 4 408
11 7 151
11 1 25
11 10 341
11 15 299
11 25 1382
11 2 10
11 14 262
11 6 322
11 9 45
11 12 17
11 13 15
11 28 5
11 16 1
11 27 4
11 8 1188
11 5 21
11 22 16
11 19 40
11 26 166
11 29 6
12 13 287
12 26 29
12 25 716
12 5 40
12 4 1594
12 17 59
12 2 4
12 8 228
12 15 2703
12 16 15
12 27 2
12 21 23
12 6 1312
12 19 288
12 11 17
12 29 9
12 14 1
12 9 189
12 7 34
12 1 38
12 24 88
12 22 55
12 28 10
12 10 208
12 18 434
13 15 5100
13 6 835
13 24 223
13 4 2449
13 18 1017
13 14 2
13 26 21
13 10 174
13 11 15
13 19 1012
13 28 10
13 5 88
13 27 5
13 1 28
13 21 28
13 12 287
13 16 6
13 9 870
13 7 34
13 17 3
13 25 583
13 8 340
13 22 489
14 19 32
14 1 9303
14 22 16
14 17 14
14 9 9
14 28 115
14 25 34
14 7 19
14 10 128
14 23 5
14 15 118618
14 16 651
14 4 7627
14 8 8
14 21 58
14 13 2
14 2 7115
14 18 31
14 29 2275
14 6 1242
14 12 1
14 11 262
14 5 158
15 23 78
15 24 2693
15 19 50053
15 21 449
15 28 129
15 13 5100
15 18 50622
15 17 203
15 25 12491
15 22 22096
15 5 838
15 7 739
15 4 38113
15 27 25
15 9 31492
15 6 17460
15 1 2997
15 14 118618
15 12 2703
15 8 15444
15 29 1065
15 16 1401
15 20 193
15 2 1425
15 26 364
15 11 299
15 10 2908
16 8 25
16 22 33
16 25 31
16 10 8
16 7 5
16 15 1401
16 29 7
16 19 69
16 12 15
16 9 23
16 2 53
16 14 651
16 18 70
16 23 1
16 24 1
16 13 6
16 11 1
16 5 17
16 6 71
16 1 76
16 4 170
16 28 2
17 4 365
17 14 14
17 9 25
17 25 8
17 6 4
17 13 3
17 12 59
17 18 590
17 10 2
17 29 13
17 19 109
17 8 74
17 2 7
17 26 3
17 15 203
18 12 434
18 21 227
18 15 50622
18 23 354
18 14 31
18 22 3976
18 7 1306
18 17 590
18 5 132
18 8 83804
18 16 70
18 25 27764
18 9 15128
18 20 691
18 29 28
18 11 1172
18 1 82
18 4 55462
18 13 1017
18 10 6526
18 26 2628
18 6 5815
18 24 926
18 19 22052
18 28 42
18 27 34
18 2 4
19 15 50053
19 25 1181
19 7 98
19 16 69
19 6 1892
19 28 10
19 21 27
19 29 3
19 11 40
19 17 109
19 18 22052
19 4 6691
19 2 1
19 24 143
19 26 74
19 22 4477
19 13 1012
19 10 710
19 8 6185
19 14 32
19 9 7085
19 1 34
19 5 56
19 12 288
20 1 1
20 24 3319
20 18 691
20 25 82
20 10 1886
20 28 1
20 26 45
20 21 52
20 15 193
20 7 40
20 5 237
20 23 6534
20 4 6249
20 6 223
20 29 116
21 27 9
21 25 136
21 11 3
21 22 8
21 18 227
21 1 142
21 23 437
21 15 449
21 13 28
21 5 440
21 19 27
21 28 5
21 26 41
21 9 88
21 20 52
21 4 1159
21 12 23
21 6 708
21 8 116
21 10 74
21 24 964
21 14 58
21 7 6
22 28 6
22 13 489
22 18 3976
22 8 1254
22 5 66
22 12 55
22 27 14
22 1 53
22 21 8
22 16 33
22 2 4
22 11 16
22 26 7
22 4 2052
22 6 1132
22 15 22096
22 19 4477
22 10 269
22 24 331
22 25 729
22 7 55
22 14 16
22 9 3003
23 29 129
23 5 234
23 21 437
23 24 1853
23 14 5
23 7 26
23 26 31
23 15 78
23 4 3466
23 16 1
23 6 93
23 10 1906
23 18 354
23 1 18
23 20 6534
23 25 54
24 12 88
24 6 2684
24 20 3319
24 19 143
24 23 1853
24 4 3859
24 8 210
24 7 283
24 13 223
24 9 670
24 26 85
24 11 44
24 16 1
24 15 2693
24 29 271
24 1 145
24 2 8
24 28 7
24 27 3
24 22 331
24 21 964
24 10 988
24 5 888
24 18 926
24 25 2442
25 4 31346
25 20 82
25 14 34
25 6 12376
25 8 32496
25 12 716
25 26 14232
25 1 409
25 23 54
25 28 106
25 11 1382
25 22 729
25 2 42
25 19 1181
25 5 708
25 24 2442
25 17 8
25 10 5211
25 21 136
25 9 2154
25 18 27764
25 16 31
25 7 5719
25 15 12491
25 13 583
25 27 115
25 29 68
26 5 239
26 17 3
26 27 12
26 22 7
26 19 74
26 13 21
26 9 47
26 29 25
26 15 364
26 21 41
26 23 31
26 8 7449
26 1 31
26 28 11
26 6 671
26 10 532
26 25 14232
26 11 166
26 18 2628
26 7 1991
26 4 6344
26 12 29
26 20 45
26 24 85
26 2 7
27 4 89
27 7 3
27 8 71
27 18 34
27 22 14
27 24 3
27 12 2
27 11 4
27 5 23
27 25 115
27 13 5
27 10 65
27 21 9
27 15 25
27 6 65
27 26 12
27 9 1
27 1 4
28 26 11
28 12 10
28 20 1
28 19 10
28 13 10
28 24 7
28 11 5
28 15 129
28 9 16
28 16 2
28 18 42
28 29 10
28 8 12
28 22 6
28 1 90
28 2 10
28 14 115
28 10 24
28 6 113
28 25 106
28 4 93
28 5 8
28 21 5
28 7 4
