*Vertices  25
1 "21" box
2 "22" box
3 "23" box
4 "24" box
5 "25" box
6 "29" box
7 "412" box
8 "430" box
9 "2589" box
10 "2774" box
11 "2776" box
12 "2777" box
13 "2778" box
14 "2779" box
15 "2780" box
16 "2782" box
17 "2784" box
18 "2785" box
19 "2786" box
20 "2787" box
21 "2789" box
22 "2792" box
23 "2793" box
24 "2794" box
25 "493" box
*Edges
1 13 1858
1 22 13
1 23 29
1 18 1
1 10 16
1 5 1
1 20 3
1 14 50
1 7 12
1 16 8
1 9 9
1 17 8
1 6 34
1 2 139
1 8 4
1 19 47
1 21 3
1 4 470
1 12 5131
2 16 2
2 1 139
2 20 1
2 23 5
2 6 16
2 7 10
2 12 3166
2 14 4
2 13 395
2 10 4
2 4 140
3 25 32
4 15 364
4 17 6631
4 5 132
4 9 4293
4 19 525
4 2 140
4 21 3281
4 11 2179
4 1 470
4 18 6141
4 22 2287
4 10 1456
4 23 13630
4 8 8214
4 20 2027
4 24 3163
4 16 54703
4 7 16597
4 13 35058
4 6 5613
4 12 6274
4 14 141
5 20 16
5 16 44
5 19 1
5 1 1
5 7 9
5 8 11
5 18 1
5 9 24
5 22 1
5 21 16
5 6 13
5 4 132
5 23 122
5 24 43
5 12 27
5 13 11
6 7 1775
6 4 5613
6 10 787
6 21 34
6 12 187
6 20 657
6 13 9613
6 9 1335
6 11 524
6 19 205
6 17 1157
6 16 4656
6 23 3417
6 24 202
6 22 1066
6 2 16
6 5 13
6 1 34
6 18 104
6 14 38
6 8 1632
7 1 12
7 16 83408
7 11 340
7 14 25
7 13 15437
7 17 6185
7 19 116
7 8 4976
7 24 1628
7 5 9
7 9 2334
7 22 143
7 4 16597
7 6 1775
7 20 1254
7 15 74
7 2 10
7 12 8
7 23 6746
7 10 228
8 17 7085
8 16 15128
8 5 11
8 7 4976
8 19 88
8 15 25
8 20 3003
8 10 189
8 23 1156
8 6 1632
8 24 14
8 14 23
8 9 474
8 11 870
8 13 31492
8 12 9
8 4 8214
8 1 4
8 22 470
25 3 32
9 24 123
9 8 474
9 20 249
9 7 2334
9 10 146
9 14 6
9 12 124
9 22 473
9 6 1335
9 15 2
9 18 1475
9 23 1434
9 5 24
9 16 4865
9 1 9
9 17 632
9 21 1559
9 13 2236
9 19 41
9 4 4293
9 11 158
10 16 434
10 13 2703
10 24 10
10 22 57
10 23 327
10 1 16
10 6 787
10 4 1456
10 17 288
10 11 287
10 12 1
10 8 189
10 15 59
10 2 4
10 9 146
10 7 228
10 20 55
10 14 15
10 19 23
11 7 340
11 23 315
11 17 1012
11 14 6
11 4 2179
11 13 5100
11 9 158
11 10 287
11 22 157
11 6 524
11 24 10
11 20 489
11 16 1017
11 12 2
11 8 870
11 19 28
11 15 3
12 2 3166
12 5 27
12 11 2
12 7 8
12 19 58
12 10 1
12 21 4
12 16 31
12 14 648
12 20 16
12 8 9
12 4 6274
12 13 117750
12 1 5131
12 6 187
12 17 32
12 9 124
12 15 14
13 2 395
13 7 15437
13 8 31492
13 22 1662
13 21 77
13 9 2236
13 15 203
13 12 117750
13 20 22096
13 10 2703
13 23 5773
13 11 5100
13 1 1858
13 18 193
13 14 1400
13 6 9613
13 19 449
13 16 50622
13 17 50053
13 5 11
13 4 35058
13 24 122
14 23 11
14 12 648
14 20 33
14 21 1
14 17 69
14 8 23
14 6 38
14 13 1400
14 2 4
14 9 6
14 10 15
14 4 141
14 16 70
14 7 25
14 11 6
14 1 50
15 7 74
15 10 59
15 17 109
15 4 364
15 13 203
15 16 590
15 11 3
15 23 6
15 12 14
15 8 25
15 9 2
16 4 54703
16 11 1017
16 13 50622
16 22 691
16 15 590
16 7 83408
16 6 4656
16 14 70
16 1 8
16 19 227
16 21 354
16 17 22052
16 8 15128
16 5 44
16 18 691
16 24 876
16 9 4865
16 10 434
16 20 3976
16 2 2
16 12 31
16 23 7280
17 11 1012
17 20 4477
17 13 50053
17 16 22052
17 9 632
17 6 1157
17 4 6631
17 23 689
17 12 32
17 15 109
17 22 90
17 8 7085
17 7 6185
17 14 69
17 19 27
17 24 15
17 1 8
17 10 288
18 23 8
18 24 35
18 1 1
18 19 52
18 9 1475
18 16 691
18 13 193
18 22 1940
18 5 1
18 4 6141
18 21 6492
18 6 104
19 18 52
19 24 2
19 16 227
19 10 23
19 8 88
19 1 47
19 21 436
19 22 11
19 6 205
19 23 70
19 13 449
19 9 41
19 7 116
19 12 58
19 11 28
19 20 8
19 17 27
19 4 525
19 5 1
20 8 3003
20 16 3976
20 23 391
20 24 4
20 17 4477
20 11 489
20 10 55
20 5 16
20 2 1
20 7 1254
20 9 249
20 22 228
20 13 22096
20 19 8
20 4 2027
20 1 3
20 6 657
20 12 16
20 14 33
21 6 34
21 22 814
21 9 1559
21 18 6492
21 12 4
21 24 20
21 16 354
21 1 3
21 14 1
21 5 16
21 4 3281
21 19 436
21 23 16
21 13 77
22 6 1066
22 24 9
22 19 11
22 7 143
22 13 1662
22 17 90
22 11 157
22 20 228
22 10 57
22 21 814
22 5 1
22 4 2287
22 18 1940
22 16 691
22 9 473
22 23 563
22 8 470
22 1 13
23 5 122
23 18 8
23 1 29
23 17 689
23 16 7280
23 6 3417
23 14 11
23 21 16
23 10 327
23 7 6746
23 4 13630
23 19 70
23 13 5773
23 2 5
23 15 6
23 9 1434
23 8 1156
23 20 391
23 22 563
23 11 315
23 24 2999
24 19 2
24 8 14
24 11 10
24 21 20
24 23 2999
24 22 9
24 16 876
24 17 15
24 7 1628
24 18 35
24 6 202
24 10 10
24 13 122
24 5 43
24 20 4
24 9 123
24 4 3163
