*Vertices  16
1 "24" box
2 "412" box
3 "430" box
4 "2589" box
5 "2774" box
6 "2776" box
7 "2777" box
8 "2778" box
9 "2779" box
10 "2780" box
11 "2782" box
12 "2784" box
13 "2785" box
14 "2786" box
15 "2787" box
16 "2789" box
*Edges
1 9 16
1 8 23256
1 5 1074
1 14 318
1 6 1740
1 15 1526
1 7 2717
1 11 48772
1 10 359
1 13 5892
1 12 5773
1 16 2481
1 3 5890
1 2 11239
1 4 342
2 8 15422
2 12 6185
2 5 227
2 15 1253
2 1 11239
2 6 340
2 3 4976
2 11 83208
2 10 74
3 6 870
3 14 45
3 11 15128
3 10 25
3 15 3002
3 1 5890
3 12 7085
3 8 31486
3 5 189
3 2 4976
4 8 10
4 16 905
4 11 44
4 1 342
4 13 974
5 15 55
5 6 287
5 3 189
5 14 2
5 12 288
5 1 1074
5 11 434
5 8 2688
5 10 59
5 2 227
6 5 287
6 3 870
6 11 1017
6 2 340
6 8 5100
6 1 1740
6 15 489
6 12 1012
6 10 3
7 14 58
7 9 297
7 10 14
7 8 96809
7 16 3
7 1 2717
8 13 193
8 14 237
8 6 5100
8 9 353
8 10 203
8 7 96809
8 11 50599
8 1 23256
8 2 15422
8 12 50027
8 5 2688
8 4 10
8 15 22096
8 16 66
8 3 31486
9 16 1
9 7 297
9 8 353
9 1 16
10 12 109
10 11 590
10 1 359
10 3 25
10 5 59
10 6 3
10 2 74
10 8 203
10 7 14
11 6 1017
11 12 22052
11 4 44
11 16 283
11 10 590
11 3 15128
11 1 48772
11 13 691
11 15 3976
11 8 50599
11 5 434
11 2 83208
12 2 6185
12 3 7085
12 6 1012
12 1 5773
12 11 22052
12 5 288
12 8 50027
12 15 4477
12 10 109
13 4 974
13 1 5892
13 8 193
13 16 5450
13 11 691
14 3 45
14 5 2
14 16 255
14 7 58
14 1 318
14 8 237
15 12 4477
15 5 55
15 11 3976
15 6 489
15 8 22096
15 1 1526
15 3 3002
15 2 1253
16 7 3
16 4 905
16 13 5450
16 11 283
16 8 66
16 1 2481
16 9 1
16 14 255
