*Vertices  26
1 "21" box
2 "22" box
3 "23" box
4 "24" box
5 "25" box
6 "29" box
7 "412" box
8 "430" box
9 "2589" box
10 "2590" box
11 "2774" box
12 "2776" box
13 "2777" box
14 "2778" box
15 "2779" box
16 "2780" box
17 "2782" box
18 "2784" box
19 "2785" box
20 "2786" box
21 "2787" box
22 "2789" box
23 "2792" box
24 "2793" box
25 "2794" box
26 "493" box
*Edges
1 7 23
1 8 48
1 17 38
1 12 13
1 24 97
1 6 142
1 19 1
1 14 2247
1 21 38
1 2 196
1 15 51
1 18 19
1 11 24
1 5 45
1 20 135
1 4 741
1 13 6381
1 22 16
1 25 1
1 9 45
1 23 76
2 4 205
2 24 5
2 7 10
2 13 3364
2 15 4
2 11 4
2 17 2
2 21 1
2 6 16
2 14 472
2 1 196
3 26 155
4 25 3862
4 10 3
4 5 259
4 16 365
4 15 165
4 17 55427
4 1 741
4 24 16267
4 2 205
4 7 17353
4 8 8297
4 12 2241
4 18 6689
4 23 2973
4 6 6544
4 21 2051
4 22 3403
4 11 1540
4 19 6209
4 13 7280
4 14 37291
4 9 4762
4 20 1120
5 4 259
5 18 12
5 1 45
5 23 245
5 12 9
5 13 127
5 14 104
5 15 10
5 8 28
5 20 151
5 25 59
5 7 20
5 10 1
5 22 73
5 9 62
5 24 179
5 6 96
5 19 61
5 17 54
5 21 32
6 12 566
6 23 1455
6 7 1873
6 25 278
6 15 47
6 4 6544
6 5 96
6 19 152
6 20 538
6 13 217
6 17 4876
6 2 16
6 24 4375
6 11 889
6 1 142
6 21 722
6 18 1332
6 22 61
6 9 1552
6 8 1810
6 14 10868
7 21 1254
7 12 340
7 11 228
7 2 10
7 9 2512
7 16 74
7 13 8
7 15 25
7 18 6185
7 17 83408
7 1 23
7 6 1873
7 20 116
7 24 8142
7 4 17353
7 8 4976
7 14 15437
7 10 7
7 25 2602
7 5 20
7 23 165
8 17 15128
8 21 3003
8 20 88
8 7 4976
8 23 557
8 13 9
8 4 8297
8 12 870
8 25 20
8 6 1810
8 5 28
8 11 189
8 24 1380
8 1 48
8 10 3
8 9 485
8 16 25
8 15 23
8 18 7085
8 14 31492
26 3 155
9 16 2
9 23 555
9 8 485
9 7 2512
9 15 6
9 1 45
9 14 2285
9 25 188
9 13 126
9 11 147
9 18 670
9 17 5470
9 12 158
9 21 249
9 6 1552
9 19 1475
9 4 4762
9 22 1565
9 10 35
9 5 62
9 20 65
9 24 1693
10 14 1
10 8 3
10 7 7
10 5 1
10 9 35
10 17 32
10 24 2
10 4 3
11 23 67
11 16 59
11 9 147
11 13 1
11 7 228
11 21 55
11 6 889
11 12 287
11 15 15
11 25 20
11 8 189
11 4 1540
11 2 4
11 14 2703
11 1 24
11 17 434
11 20 23
11 18 288
11 24 362
12 13 2
12 24 355
12 1 13
12 20 28
12 18 1012
12 5 9
12 25 13
12 11 287
12 15 6
12 4 2241
12 7 340
12 23 185
12 21 489
12 16 3
12 6 566
12 9 158
12 14 5100
12 17 1017
12 8 870
13 17 31
13 12 2
13 1 6381
13 7 8
13 5 127
13 6 217
13 2 3364
13 18 32
13 15 650
13 16 14
13 9 126
13 22 4
13 20 58
13 8 9
13 11 1
13 14 118023
13 21 16
13 4 7280
14 9 2285
14 1 2247
14 5 104
14 4 37291
14 22 78
14 24 6522
14 18 50053
14 23 2026
14 6 10868
14 11 2703
14 10 1
14 17 50622
14 19 193
14 21 22096
14 16 203
14 25 267
14 13 118023
14 7 15437
14 15 1400
14 2 472
14 8 31492
14 20 449
14 12 5100
15 4 165
15 17 70
15 2 4
15 5 10
15 21 33
15 24 13
15 6 47
15 13 650
15 1 51
15 11 15
15 9 6
15 12 6
15 14 1400
15 7 25
15 18 69
15 8 23
15 22 1
16 9 2
16 11 59
16 14 203
16 12 3
16 7 74
16 4 365
16 13 14
16 8 25
16 24 6
16 17 590
16 18 109
17 22 354
17 19 691
17 5 54
17 23 770
17 9 5470
17 6 4876
17 10 32
17 1 38
17 15 70
17 7 83408
17 11 434
17 13 31
17 18 22052
17 24 8804
17 2 2
17 8 15128
17 16 590
17 4 55427
17 21 3976
17 25 1235
17 14 50622
17 20 227
17 12 1017
18 13 32
18 11 288
18 15 69
18 21 4477
18 20 27
18 5 12
18 7 6185
18 8 7085
18 17 22052
18 25 46
18 14 50053
18 12 1012
18 16 109
18 1 19
18 24 751
18 23 105
18 6 1332
18 9 670
18 4 6689
19 22 6534
19 9 1475
19 1 1
19 5 61
19 14 193
19 6 152
19 4 6209
19 24 8
19 17 691
19 23 2360
19 25 35
19 20 52
20 4 1120
20 19 52
20 8 88
20 6 538
20 11 23
20 23 917
20 12 28
20 5 151
20 24 83
20 22 437
20 17 227
20 9 65
20 25 40
20 13 58
20 18 27
20 14 449
20 7 116
20 21 8
20 1 135
21 24 426
21 20 8
21 1 38
21 6 722
21 25 6
21 9 249
21 13 16
21 12 489
21 8 3003
21 17 3976
21 7 1254
21 2 1
21 11 55
21 15 33
21 5 32
21 18 4477
21 23 276
21 14 22096
21 4 2051
22 17 354
22 13 4
22 4 3403
22 5 73
22 9 1565
22 15 1
22 20 437
22 1 16
22 14 78
22 23 1169
22 6 61
22 25 23
22 19 6534
22 24 16
23 17 770
23 11 67
23 24 754
23 25 11
23 20 917
23 22 1169
23 14 2026
23 5 245
23 7 165
23 1 76
23 6 1455
23 12 185
23 4 2973
23 19 2360
23 8 557
23 21 276
23 9 555
23 18 105
24 14 6522
24 8 1380
24 12 355
24 2 5
24 20 83
24 10 2
24 6 4375
24 23 754
24 11 362
24 5 179
24 15 13
24 22 16
24 4 16267
24 18 751
24 19 8
24 7 8142
24 9 1693
24 25 3950
24 21 426
24 1 97
24 17 8804
24 16 6
25 5 59
25 8 20
25 19 35
25 4 3862
25 11 20
25 23 11
25 7 2602
25 24 3950
25 22 23
25 17 1235
25 1 1
25 6 278
25 12 13
25 20 40
25 21 6
25 9 188
25 14 267
25 18 46
