*Vertices  8
1 "24" box
2 "2774" box
3 "2776" box
4 "2777" box
5 "2778" box
6 "2779" box
7 "2780" box
8 "2782" box
*Edges
1 5 4171
1 4 1
1 2 329
1 3 384
1 8 18286
1 7 248
2 7 59
2 1 329
2 5 784
2 3 261
2 8 313
3 7 3
3 2 261
3 1 384
3 5 1323
3 8 669
4 1 1
4 5 20092
4 6 8
5 3 1323
5 6 72
5 4 20092
5 8 9067
5 1 4171
5 2 784
5 7 72
6 4 8
6 5 72
7 5 72
7 1 248
7 2 59
7 3 3
7 8 441
8 3 669
8 1 18286
8 7 441
8 5 9067
8 2 313
