*Vertices  15
1 "24" box
2 "412" box
3 "430" box
4 "2774" box
5 "2776" box
6 "2777" box
7 "2778" box
8 "2779" box
9 "2780" box
10 "2782" box
11 "2784" box
12 "2785" box
13 "2786" box
14 "2787" box
15 "2789" box
*Edges
1 6 2151
1 4 734
1 2 7559
1 3 4110
1 5 1387
1 8 11
1 12 5658
1 11 5004
1 7 19095
1 10 38843
1 13 43
1 14 1234
1 15 184
1 9 334
2 11 6166
2 5 330
2 1 7559
2 7 13491
2 10 70674
2 3 3912
2 4 221
2 14 1133
2 9 74
3 11 6915
3 5 827
3 7 27677
3 10 12100
3 14 2729
3 1 4110
3 2 3912
3 4 154
3 9 25
4 13 2
4 14 52
4 3 154
4 5 287
4 9 59
4 1 734
4 2 221
4 10 404
4 11 288
4 7 2325
5 3 827
5 7 4676
5 2 330
5 1 1387
5 10 984
5 11 1012
5 14 456
5 4 287
5 9 3
6 8 166
6 7 75132
6 1 2151
6 9 14
7 9 144
7 11 45611
7 2 13491
7 12 148
7 10 44635
7 5 4676
7 13 69
7 15 6
7 1 19095
7 8 320
7 4 2325
7 6 75132
7 14 17852
7 3 27677
8 7 320
8 1 11
8 6 166
9 11 109
9 7 144
9 1 334
9 3 25
9 5 3
9 6 14
9 10 589
9 2 74
9 4 59
10 2 70674
10 11 21964
10 7 44635
10 4 404
10 3 12100
10 14 3567
10 1 38843
10 12 691
10 15 20
10 9 589
10 5 984
11 10 21964
11 7 45611
11 2 6166
11 14 4123
11 5 1012
11 9 109
11 1 5004
11 4 288
11 3 6915
12 1 5658
12 7 148
12 15 520
12 10 691
13 7 69
13 4 2
13 1 43
14 5 456
14 7 17852
14 2 1133
14 10 3567
14 4 52
14 11 4123
14 1 1234
14 3 2729
15 7 6
15 12 520
15 10 20
15 1 184
