*Vertices  15
1 "24" box
2 "412" box
3 "430" box
4 "2774" box
5 "2776" box
6 "2777" box
7 "2778" box
8 "2779" box
9 "2780" box
10 "2782" box
11 "2784" box
12 "2785" box
13 "2786" box
14 "2787" box
15 "2789" box
*Edges
1 11 4969
1 4 700
1 2 7265
1 8 10
1 14 1132
1 5 1310
1 6 1788
1 7 16867
1 12 5515
1 15 68
1 3 3275
1 9 329
1 13 41
1 10 37392
2 11 6100
2 10 64055
2 1 7265
2 3 3334
2 5 327
2 7 12053
2 9 59
2 14 1069
2 4 201
3 1 3275
3 4 129
3 2 3334
3 14 2343
3 10 10393
3 11 6333
3 5 734
3 7 21864
3 9 15
4 5 287
4 11 288
4 13 2
4 1 700
4 10 389
4 2 201
4 14 48
4 9 59
4 3 129
4 7 2126
5 9 3
5 4 287
5 7 4200
5 10 962
5 14 425
5 1 1310
5 2 327
5 11 1012
5 3 734
6 1 1788
6 9 14
6 7 67953
6 8 166
7 11 40865
7 4 2126
7 9 144
7 12 44
7 8 288
7 1 16867
7 6 67953
7 5 4200
7 14 15288
7 10 40132
7 2 12053
7 3 21864
8 6 166
8 1 10
8 7 288
9 1 329
9 10 580
9 6 14
9 2 59
9 3 15
9 4 59
9 7 144
9 11 109
9 5 3
10 7 40132
10 14 3373
10 15 2
10 4 389
10 2 64055
10 12 688
10 3 10393
10 9 580
10 11 21910
10 1 37392
10 5 962
11 9 109
11 5 1012
11 2 6100
11 14 3927
11 4 288
11 10 21910
11 1 4969
11 7 40865
11 3 6333
12 1 5515
12 7 44
12 10 688
12 15 140
13 4 2
13 1 41
14 11 3927
14 3 2343
14 1 1132
14 10 3373
14 2 1069
14 5 425
14 7 15288
14 4 48
15 10 2
15 1 68
15 12 140
