*Vertices  9
1 "24" box
2 "2774" box
3 "2776" box
4 "2777" box
5 "2778" box
6 "2779" box
7 "2780" box
8 "2782" box
9 "2784" box
*Edges
1 7 270
1 3 658
1 8 21850
1 4 254
1 5 5947
1 2 429
1 6 3
1 9 344
2 1 429
2 7 59
2 8 335
2 3 287
2 5 851
2 9 12
3 1 658
3 2 287
3 8 760
3 7 3
3 9 64
3 5 1464
4 5 26330
4 6 8
4 1 254
5 3 1464
5 1 5947
5 7 72
5 4 26330
5 6 91
5 2 851
5 9 1287
5 8 11354
6 1 3
6 4 8
6 5 91
7 5 72
7 3 3
7 9 3
7 8 461
7 2 59
7 1 270
8 2 335
8 3 760
8 5 11354
8 1 21850
8 7 461
8 9 1253
9 5 1287
9 3 64
9 2 12
9 7 3
9 1 344
9 8 1253
