*Vertices  15
1 "24" box
2 "412" box
3 "430" box
4 "2774" box
5 "2776" box
6 "2777" box
7 "2778" box
8 "2779" box
9 "2780" box
10 "2782" box
11 "2784" box
12 "2785" box
13 "2786" box
14 "2787" box
15 "2789" box
*Edges
1 6 2126
1 4 724
1 2 7477
1 3 3381
1 5 1364
1 8 11
1 12 5657
1 11 4984
1 7 18273
1 10 38239
1 13 43
1 14 1143
1 15 184
1 9 334
2 11 6166
2 5 330
2 1 7477
2 7 13165
2 10 68428
2 3 3464
2 4 221
2 14 1075
2 9 74
3 11 6551
3 5 766
3 7 24643
3 10 10776
3 14 2429
3 1 3381
3 2 3464
3 4 134
3 9 16
4 13 2
4 14 48
4 3 134
4 5 287
4 9 59
4 1 724
4 2 221
4 10 399
4 11 288
4 7 2284
5 3 766
5 7 4556
5 2 330
5 1 1364
5 10 970
5 11 1012
5 14 425
5 4 287
5 9 3
6 8 166
6 7 73410
6 1 2126
6 9 14
7 9 144
7 11 44497
7 2 13165
7 12 44
7 10 43475
7 5 4556
7 13 20
7 15 2
7 1 18273
7 8 320
7 4 2284
7 6 73410
7 14 16658
7 3 24643
8 7 320
8 1 11
8 6 166
9 11 109
9 7 144
9 1 334
9 3 16
9 5 3
9 6 14
9 10 589
9 2 74
9 4 59
10 2 68428
10 11 21952
10 7 43475
10 4 399
10 3 10776
10 14 3379
10 1 38239
10 12 691
10 15 20
10 9 589
10 5 970
11 10 21952
11 7 44497
11 2 6166
11 14 3927
11 5 1012
11 9 109
11 1 4984
11 4 288
11 3 6551
12 1 5657
12 7 44
12 15 520
12 10 691
13 7 20
13 4 2
13 1 43
14 5 425
14 7 16658
14 2 1075
14 10 3379
14 4 48
14 11 3927
14 1 1143
14 3 2429
15 7 2
15 12 520
15 10 20
15 1 184
