*Vertices  13
1 "24" box
2 "412" box
3 "430" box
4 "2774" box
5 "2776" box
6 "2777" box
7 "2778" box
8 "2779" box
9 "2780" box
10 "2782" box
11 "2784" box
12 "2785" box
13 "2786" box
*Edges
1 3 1322
1 7 11106
1 11 3980
1 2 4132
1 4 571
1 10 31797
1 6 955
1 9 302
1 12 3235
1 5 1004
1 8 6
2 3 1004
2 9 42
2 5 241
2 11 3692
2 4 165
2 10 32704
2 7 6033
2 1 4132
3 1 1322
3 10 4318
3 2 1004
3 9 4
3 7 4821
3 4 80
3 5 271
3 11 1587
4 2 165
4 5 287
4 7 1491
4 3 80
4 9 59
4 1 571
4 10 368
4 11 257
4 13 1
5 11 722
5 1 1004
5 4 287
5 3 271
5 2 241
5 10 943
5 9 3
5 7 2730
6 8 10
6 1 955
6 7 34920
7 10 27213
7 2 6033
7 12 20
7 5 2730
7 1 11106
7 9 89
7 3 4821
7 6 34920
7 11 19445
7 4 1491
7 8 246
8 1 6
8 7 246
8 6 10
9 2 42
9 11 109
9 1 302
9 3 4
9 5 3
9 4 59
9 10 580
9 7 89
10 4 368
10 12 428
10 3 4318
10 1 31797
10 9 580
10 5 943
10 11 17819
10 2 32704
10 7 27213
11 3 1587
11 2 3692
11 5 722
11 10 17819
11 9 109
11 4 257
11 1 3980
11 7 19445
12 1 3235
12 7 20
12 10 428
13 4 1
