*Vertices  26
1 "21" box
2 "22" box
3 "23" box
4 "24" box
5 "25" box
6 "29" box
7 "412" box
8 "430" box
9 "2589" box
10 "2590" box
11 "2774" box
12 "2776" box
13 "2777" box
14 "2778" box
15 "2779" box
16 "2780" box
17 "2782" box
18 "2784" box
19 "2785" box
20 "2786" box
21 "2787" box
22 "2789" box
23 "2792" box
24 "2793" box
25 "2794" box
26 "493" box
*Edges
1 7 23
1 8 48
1 17 38
1 12 13
1 24 103
1 6 160
1 19 1
1 14 2301
1 21 38
1 2 199
1 15 63
1 18 19
1 11 24
1 5 45
1 20 135
1 4 787
1 13 6642
1 22 18
1 25 1
1 9 45
1 23 82
2 4 207
2 24 5
2 7 10
2 13 3393
2 15 4
2 11 4
2 17 2
2 21 1
2 6 21
2 14 476
2 1 199
3 26 398
4 25 3961
4 10 3
4 5 273
4 16 365
4 15 166
4 17 55429
4 1 787
4 24 17915
4 2 207
4 7 17443
4 8 8297
4 12 2267
4 18 6691
4 23 3052
4 6 6993
4 21 2052
4 22 3431
4 11 1548
4 19 6212
4 13 7367
4 14 37383
4 9 4774
4 20 1136
5 4 273
5 18 12
5 1 45
5 23 314
5 12 9
5 13 127
5 14 112
5 15 10
5 8 28
5 20 151
5 25 59
5 7 21
5 10 1
5 22 86
5 9 68
5 24 198
5 6 101
5 19 81
5 17 54
5 21 46
6 12 624
6 23 1701
6 7 1935
6 25 300
6 15 48
6 4 6993
6 5 101
6 19 187
6 20 583
6 13 380
6 17 5020
6 2 21
6 24 4900
6 11 929
6 1 160
6 21 797
6 18 1384
6 22 72
6 9 1632
6 8 1970
6 14 11646
7 21 1254
7 12 340
7 11 228
7 2 10
7 9 2519
7 16 74
7 13 8
7 15 25
7 18 6185
7 17 83804
7 1 23
7 6 1935
7 20 116
7 24 9519
7 4 17443
7 8 4976
7 14 15444
7 10 7
7 25 2618
7 5 21
7 23 173
8 17 15128
8 21 3003
8 20 88
8 7 4976
8 23 576
8 13 9
8 4 8297
8 12 870
8 25 24
8 6 1970
8 5 28
8 11 189
8 24 1406
8 1 48
8 10 3
8 9 485
8 16 25
8 15 23
8 18 7085
8 14 31492
26 3 398
9 16 2
9 23 567
9 8 485
9 7 2519
9 15 6
9 1 45
9 14 2285
9 25 194
9 13 126
9 11 147
9 18 670
9 17 5470
9 12 158
9 21 249
9 6 1632
9 19 1475
9 4 4774
9 22 1565
9 10 55
9 5 68
9 20 65
9 24 1808
10 14 1
10 8 3
10 7 7
10 5 1
10 9 55
10 17 32
10 24 2
10 4 3
11 23 69
11 16 59
11 9 147
11 13 1
11 7 228
11 21 55
11 6 929
11 12 287
11 15 15
11 25 23
11 8 189
11 4 1548
11 2 4
11 14 2703
11 1 24
11 17 434
11 20 23
11 18 288
11 24 371
12 13 2
12 24 356
12 1 13
12 20 28
12 18 1012
12 5 9
12 25 15
12 11 287
12 15 6
12 4 2267
12 7 340
12 23 190
12 21 489
12 16 3
12 6 624
12 9 158
12 14 5100
12 17 1017
12 8 870
13 17 31
13 12 2
13 1 6642
13 7 8
13 5 127
13 6 380
13 2 3393
13 18 32
13 15 651
13 16 14
13 9 126
13 22 5
13 20 58
13 8 9
13 11 1
13 14 118196
13 21 16
13 4 7367
14 9 2285
14 1 2301
14 5 112
14 4 37383
14 22 78
14 24 6911
14 18 50053
14 23 2091
14 6 11646
14 11 2703
14 10 1
14 17 50622
14 19 193
14 21 22096
14 16 203
14 25 299
14 13 118196
14 7 15444
14 15 1400
14 2 476
14 8 31492
14 20 449
14 12 5100
15 4 166
15 17 70
15 2 4
15 5 10
15 21 33
15 24 15
15 6 48
15 13 651
15 1 63
15 11 15
15 9 6
15 12 6
15 14 1400
15 7 25
15 18 69
15 8 23
15 22 1
16 9 2
16 11 59
16 14 203
16 12 3
16 7 74
16 4 365
16 13 14
16 8 25
16 24 6
16 17 590
16 18 109
17 22 354
17 19 691
17 5 54
17 23 787
17 9 5470
17 6 5020
17 10 32
17 1 38
17 15 70
17 7 83804
17 11 434
17 13 31
17 18 22052
17 24 10580
17 2 2
17 8 15128
17 16 590
17 4 55429
17 21 3976
17 25 1259
17 14 50622
17 20 227
17 12 1017
18 13 32
18 11 288
18 15 69
18 21 4477
18 20 27
18 5 12
18 7 6185
18 8 7085
18 17 22052
18 25 67
18 14 50053
18 12 1012
18 16 109
18 1 19
18 24 778
18 23 108
18 6 1384
18 9 670
18 4 6691
19 22 6534
19 9 1475
19 1 1
19 5 81
19 14 193
19 6 187
19 4 6212
19 24 9
19 17 691
19 23 2413
19 25 35
19 20 52
20 4 1136
20 19 52
20 8 88
20 6 583
20 11 23
20 23 917
20 12 28
20 5 151
20 24 94
20 22 437
20 17 227
20 9 65
20 25 40
20 13 58
20 18 27
20 14 449
20 7 116
20 21 8
20 1 135
21 24 428
21 20 8
21 1 38
21 6 797
21 25 6
21 9 249
21 13 16
21 12 489
21 8 3003
21 17 3976
21 7 1254
21 2 1
21 11 55
21 15 33
21 5 46
21 18 4477
21 23 287
21 14 22096
21 4 2052
22 17 354
22 13 5
22 4 3431
22 5 86
22 9 1565
22 15 1
22 20 437
22 1 18
22 14 78
22 23 1191
22 6 72
22 25 24
22 19 6534
22 24 17
23 17 787
23 11 69
23 24 796
23 25 11
23 20 917
23 22 1191
23 14 2091
23 5 314
23 7 173
23 1 82
23 6 1701
23 12 190
23 4 3052
23 19 2413
23 8 576
23 21 287
23 9 567
23 18 108
24 14 6911
24 8 1406
24 12 356
24 2 5
24 20 94
24 10 2
24 6 4900
24 23 796
24 11 371
24 5 198
24 15 15
24 22 17
24 4 17915
24 18 778
24 19 9
24 7 9519
24 9 1808
24 25 4631
24 21 428
24 1 103
24 17 10580
24 16 6
25 5 59
25 8 24
25 19 35
25 4 3961
25 11 23
25 23 11
25 7 2618
25 24 4631
25 22 24
25 17 1259
25 1 1
25 6 300
25 12 15
25 20 40
25 21 6
25 9 194
25 14 299
25 18 67
