*Vertices  14
1 "24" box
2 "412" box
3 "430" box
4 "2774" box
5 "2776" box
6 "2777" box
7 "2778" box
8 "2779" box
9 "2780" box
10 "2782" box
11 "2784" box
12 "2785" box
13 "2786" box
14 "2787" box
*Edges
1 6 1530
1 3 2876
1 12 4771
1 14 927
1 9 314
1 7 15460
1 13 37
1 4 654
1 2 7045
1 10 36462
1 8 9
1 11 4936
1 5 1202
2 7 11153
2 4 201
2 3 2998
2 11 6044
2 9 44
2 5 327
2 14 862
2 1 7045
2 10 60189
3 1 2876
3 2 2998
3 5 670
3 9 7
3 4 118
3 11 5888
3 14 1711
3 7 18817
3 10 9378
4 3 118
4 2 201
4 1 654
4 13 2
4 14 44
4 5 287
4 11 288
4 10 386
4 9 59
4 7 1877
5 7 3846
5 9 3
5 3 670
5 4 287
5 14 343
5 2 327
5 11 1012
5 1 1202
5 10 960
6 1 1530
6 8 140
6 7 55184
6 9 14
7 2 11153
7 9 128
7 14 11791
7 6 55184
7 5 3846
7 3 18817
7 12 44
7 10 37375
7 11 37862
7 1 15460
7 4 1877
7 8 271
8 1 9
8 7 271
8 6 140
9 3 7
9 11 109
9 1 314
9 4 59
9 6 14
9 2 44
9 5 3
9 7 128
9 10 580
10 2 60189
10 3 9378
10 7 37375
10 9 580
10 12 596
10 1 36462
10 11 21794
10 5 960
10 4 386
10 14 2731
11 1 4936
11 4 288
11 2 6044
11 3 5888
11 5 1012
11 9 109
11 10 21794
11 7 37862
11 14 3161
12 7 44
12 10 596
12 1 4771
13 1 37
13 4 2
14 2 862
14 1 927
14 5 343
14 10 2731
14 4 44
14 7 11791
14 3 1711
14 11 3161
