*Vertices  16
1 "24" box
2 "412" box
3 "430" box
4 "2589" box
5 "2774" box
6 "2776" box
7 "2777" box
8 "2778" box
9 "2779" box
10 "2780" box
11 "2782" box
12 "2784" box
13 "2785" box
14 "2786" box
15 "2787" box
16 "2789" box
*Edges
1 10 335
1 6 1522
1 5 946
1 15 1302
1 7 2316
1 16 1743
1 12 5627
1 4 282
1 8 20954
1 3 5543
1 9 13
1 11 46932
1 2 9491
1 13 5757
1 14 55
2 6 330
2 12 6179
2 3 4830
2 1 9491
2 11 79320
2 8 14256
2 5 222
2 15 1133
2 10 74
3 2 4830
3 11 14721
3 5 185
3 6 865
3 12 7067
3 10 25
3 1 5543
3 15 2776
3 8 30129
4 1 282
4 16 413
4 13 648
4 8 8
4 11 36
5 12 288
5 6 287
5 15 52
5 3 185
5 8 2456
5 10 59
5 14 2
5 1 946
5 2 222
5 11 428
6 11 1012
6 2 330
6 8 4906
6 10 3
6 3 865
6 1 1522
6 5 287
6 15 456
6 12 1012
7 9 217
7 8 83865
7 1 2316
7 10 14
8 14 69
8 5 2456
8 16 43
8 6 4906
8 1 20954
8 9 320
8 12 47996
8 2 14256
8 15 18781
8 13 193
8 4 8
8 3 30129
8 11 47693
8 7 83865
8 10 161
9 1 13
9 7 217
9 8 320
10 1 335
10 8 161
10 2 74
10 5 59
10 7 14
10 11 590
10 12 109
10 6 3
10 3 25
11 2 79320
11 6 1012
11 4 36
11 3 14721
11 15 3633
11 8 47693
11 5 428
11 10 590
11 12 22022
11 13 691
11 1 46932
11 16 211
12 10 109
12 11 22022
12 15 4123
12 8 47996
12 3 7067
12 6 1012
12 5 288
12 1 5627
12 2 6179
13 11 691
13 8 193
13 16 4096
13 4 648
13 1 5757
14 1 55
14 8 69
14 5 2
15 11 3633
15 1 1302
15 6 456
15 12 4123
15 3 2776
15 8 18781
15 5 52
15 2 1133
16 1 1743
16 13 4096
16 4 413
16 8 43
16 11 211
