*Vertices  12
1 "24" box
2 "412" box
3 "430" box
4 "2774" box
5 "2776" box
6 "2777" box
7 "2778" box
8 "2779" box
9 "2780" box
10 "2782" box
11 "2784" box
12 "2785" box
*Edges
1 6 537
1 8 6
1 2 1968
1 3 409
1 7 8556
1 12 1770
1 11 3154
1 5 825
1 9 293
1 10 27846
1 4 506
2 5 132
2 3 195
2 4 148
2 1 1968
2 9 17
2 7 2765
2 10 12282
2 11 1404
3 11 482
3 10 1527
3 9 2
3 4 53
3 2 195
3 7 1448
3 5 99
3 1 409
4 1 506
4 2 148
4 5 287
4 7 1130
4 11 217
4 9 59
4 10 362
4 3 53
5 1 825
5 10 889
5 7 2112
5 2 132
5 11 509
5 9 3
5 4 287
5 3 99
6 1 537
6 8 10
6 7 31733
7 5 2112
7 8 232
7 4 1130
7 6 31733
7 10 20320
7 1 8556
7 2 2765
7 12 12
7 3 1448
7 9 79
7 11 11257
8 7 232
8 1 6
8 6 10
9 4 59
9 2 17
9 5 3
9 7 79
9 3 2
9 11 91
9 10 548
9 1 293
10 1 27846
10 7 20320
10 3 1527
10 2 12282
10 5 889
10 9 548
10 4 362
10 12 210
10 11 13053
11 4 217
11 2 1404
11 5 509
11 1 3154
11 7 11257
11 3 482
11 9 91
11 10 13053
12 1 1770
12 7 12
12 10 210
