*Vertices  9
1 "24" box
2 "2774" box
3 "2776" box
4 "2777" box
5 "2778" box
6 "2779" box
7 "2780" box
8 "2782" box
9 "2784" box
*Edges
1 7 253
1 3 498
1 8 20224
1 4 75
1 5 5082
1 2 373
1 6 1
1 9 132
2 1 373
2 7 59
2 8 330
2 3 287
2 5 831
2 9 2
3 1 498
3 2 287
3 8 715
3 7 3
3 9 33
3 5 1442
4 5 21700
4 6 8
4 1 75
5 3 1442
5 1 5082
5 7 72
5 4 21700
5 6 91
5 2 831
5 9 677
5 8 10509
6 1 1
6 4 8
6 5 91
7 5 72
7 3 3
7 9 1
7 8 449
7 2 59
7 1 253
8 2 330
8 3 715
8 5 10509
8 1 20224
8 7 449
8 9 411
9 5 677
9 3 33
9 2 2
9 7 1
9 1 132
9 8 411
