*Vertices  15
1 "24" box
2 "412" box
3 "430" box
4 "2774" box
5 "2776" box
6 "2777" box
7 "2778" box
8 "2779" box
9 "2780" box
10 "2782" box
11 "2784" box
12 "2785" box
13 "2786" box
14 "2787" box
15 "2789" box
*Edges
1 8 10
1 3 3300
1 11 4969
1 10 37610
1 12 5601
1 2 7378
1 5 1310
1 14 1134
1 6 1850
1 7 17508
1 15 182
1 13 41
1 4 700
1 9 329
2 1 7378
2 14 1075
2 11 6121
2 7 12568
2 9 65
2 10 65505
2 3 3394
2 5 330
2 4 219
3 11 6350
3 10 10595
3 1 3300
3 4 129
3 5 734
3 14 2343
3 7 22847
3 2 3394
3 9 16
4 5 287
4 10 393
4 3 129
4 2 219
4 1 700
4 9 59
4 14 48
4 13 2
4 11 288
4 7 2190
5 10 965
5 2 330
5 14 425
5 4 287
5 9 3
5 1 1310
5 3 734
5 11 1012
5 7 4365
6 9 14
6 7 71072
6 8 166
6 1 1850
7 11 42694
7 9 144
7 8 304
7 4 2190
7 2 12568
7 5 4365
7 12 44
7 10 41757
7 1 17508
7 15 2
7 14 15960
7 3 22847
7 6 71072
8 7 304
8 1 10
8 6 166
9 7 144
9 1 329
9 11 109
9 2 65
9 3 16
9 10 584
9 5 3
9 4 59
9 6 14
10 9 584
10 14 3377
10 3 10595
10 11 21938
10 15 20
10 7 41757
10 1 37610
10 5 965
10 12 691
10 2 65505
10 4 393
11 3 6350
11 4 288
11 10 21938
11 9 109
11 2 6121
11 7 42694
11 1 4969
11 5 1012
11 14 3927
12 10 691
12 1 5601
12 15 514
12 7 44
13 4 2
13 1 41
14 11 3927
14 4 48
14 2 1075
14 3 2343
14 1 1134
14 5 425
14 10 3377
14 7 15960
15 7 2
15 1 182
15 10 20
15 12 514
