*Vertices  17
1 "24" box
2 "412" box
3 "430" box
4 "2589" box
5 "2774" box
6 "2776" box
7 "2777" box
8 "2778" box
9 "2779" box
10 "2780" box
11 "2782" box
12 "2784" box
13 "2785" box
14 "2786" box
15 "2787" box
16 "2789" box
17 "2792" box
*Edges
1 11 49049
1 12 5816
1 17 61
1 3 5996
1 4 343
1 8 23729
1 16 2746
1 10 360
1 13 5892
1 15 1550
1 2 11683
1 9 16
1 7 2924
1 5 1104
1 14 385
1 6 1786
2 1 11683
2 8 15422
2 3 4976
2 10 74
2 15 1253
2 6 340
2 7 8
2 12 6185
2 5 227
2 17 18
2 11 83223
2 14 16
3 11 15128
3 6 870
3 2 4976
3 12 7085
3 10 25
3 1 5996
3 8 31486
3 7 9
3 5 189
3 15 3003
3 14 63
4 1 343
4 11 44
4 13 974
4 8 10
4 16 1021
4 14 3
5 2 227
5 7 1
5 11 434
5 14 4
5 8 2688
5 10 59
5 12 288
5 3 189
5 1 1104
5 6 287
5 15 55
6 15 489
6 7 2
6 8 5100
6 1 1786
6 3 870
6 14 16
6 2 340
6 12 1012
6 10 3
6 5 287
6 11 1017
7 5 1
7 6 2
7 1 2924
7 14 58
7 9 394
7 3 9
7 15 16
7 16 4
7 10 14
7 12 32
7 2 8
7 11 31
7 8 103584
8 2 15422
8 13 193
8 10 203
8 3 31486
8 16 67
8 6 5100
8 7 103584
8 4 10
8 5 2688
8 12 50027
8 14 273
8 9 353
8 1 23729
8 15 22096
8 11 50599
8 17 2
9 1 16
9 7 394
9 8 353
9 16 1
10 12 109
10 1 360
10 11 590
10 7 14
10 6 3
10 8 203
10 3 25
10 5 59
10 2 74
11 8 50599
11 6 1017
11 7 31
11 5 434
11 10 590
11 16 320
11 2 83223
11 12 22052
11 3 15128
11 13 691
11 15 3976
11 17 218
11 4 44
11 1 49049
11 14 56
12 6 1012
12 8 50027
12 5 288
12 2 6185
12 1 5816
12 14 6
12 3 7085
12 7 32
12 11 22052
12 10 109
12 15 4477
13 11 691
13 4 974
13 16 6030
13 8 193
13 14 52
13 1 5892
14 8 273
14 5 4
14 11 56
14 7 58
14 3 63
14 4 3
14 6 16
14 15 2
14 12 6
14 1 385
14 2 16
14 13 52
14 16 277
15 6 489
15 12 4477
15 8 22096
15 7 16
15 14 2
15 11 3976
15 2 1253
15 5 55
15 1 1550
15 3 3003
16 14 277
16 13 6030
16 9 1
16 4 1021
16 11 320
16 7 4
16 1 2746
16 8 67
17 11 218
17 2 18
17 8 2
17 1 61
