*Vertices  27
1 "21" box
2 "22" box
3 "23" box
4 "24" box
5 "25" box
6 "29" box
7 "412" box
8 "430" box
9 "2589" box
10 "2590" box
11 "2774" box
12 "2776" box
13 "2777" box
14 "2778" box
15 "2779" box
16 "2780" box
17 "2782" box
18 "2784" box
19 "2785" box
20 "2786" box
21 "2787" box
22 "2789" box
23 "2792" box
24 "2793" box
25 "2794" box
26 "2795" box
27 "493" box
*Edges
1 8 48
1 6 172
1 19 1
1 7 23
1 14 2315
1 20 138
1 22 18
1 25 1
1 12 13
1 24 103
1 26 1
1 17 38
1 11 24
1 18 19
1 21 38
1 15 63
1 5 46
1 13 6988
1 4 819
1 2 213
1 9 45
1 23 90
2 17 2
2 4 209
2 15 4
2 24 5
2 11 4
2 21 1
2 14 486
2 6 21
2 7 10
2 13 3482
2 1 213
3 27 536
4 8 8297
4 24 18058
4 23 3164
4 22 3438
4 10 3
4 17 55429
4 19 6212
4 1 819
4 20 1146
4 11 1551
4 15 166
4 14 37406
4 9 4784
4 6 7423
4 7 17444
4 16 365
4 21 2052
4 13 7369
4 2 209
4 18 6691
4 26 4
4 25 4325
4 12 2267
4 5 381
5 20 191
5 9 75
5 25 106
5 18 12
5 21 46
5 6 112
5 12 9
5 4 381
5 19 81
5 17 54
5 14 113
5 10 1
5 1 46
5 15 10
5 13 127
5 24 262
5 26 10
5 23 329
5 8 28
5 22 88
5 7 21
6 8 2046
6 4 7423
6 13 396
6 1 172
6 25 320
6 7 1990
6 24 5117
6 23 1887
6 5 112
6 12 672
6 17 5092
6 22 82
6 9 1676
6 26 2
6 18 1408
6 19 220
6 15 48
6 21 825
6 11 959
6 20 589
6 2 21
6 14 12179
7 20 116
7 23 183
7 21 1254
7 18 6185
7 14 15444
7 1 23
7 13 8
7 11 228
7 8 4976
7 9 2519
7 17 83804
7 4 17444
7 25 2743
7 16 74
7 5 21
7 10 7
7 6 1990
7 12 340
7 15 25
7 2 10
7 24 9685
8 9 485
8 15 23
8 12 870
8 4 8297
8 20 88
8 13 9
8 23 608
8 10 3
8 1 48
8 16 25
8 25 32
8 14 31492
8 7 4976
8 6 2046
8 18 7085
8 5 28
8 17 15128
8 21 3003
8 24 1406
8 11 189
27 3 536
9 17 5470
9 4 4784
9 26 25
9 6 1676
9 16 2
9 19 1475
9 23 600
9 25 202
9 10 55
9 8 485
9 7 2519
9 1 45
9 11 147
9 15 6
9 20 65
9 24 1820
9 12 158
9 5 75
9 22 1567
9 13 126
9 21 249
9 14 2285
9 18 670
10 4 3
10 24 2
10 5 1
10 9 55
10 14 1
10 17 32
10 7 7
10 8 3
11 14 2703
11 21 55
11 6 959
11 8 189
11 4 1551
11 23 74
11 12 287
11 15 15
11 9 147
11 17 434
11 24 371
11 2 4
11 18 288
11 13 1
11 1 24
11 25 24
11 7 228
11 16 59
11 20 23
12 24 356
12 6 672
12 8 870
12 5 9
12 15 6
12 16 3
12 4 2267
12 23 203
12 11 287
12 18 1012
12 25 16
12 13 2
12 1 13
12 20 28
12 7 340
12 9 158
12 14 5100
12 17 1017
12 21 489
13 2 3482
13 22 5
13 6 396
13 15 651
13 12 2
13 4 7369
13 8 9
13 18 32
13 11 1
13 5 127
13 7 8
13 1 6988
13 14 118196
13 17 31
13 9 126
13 20 58
13 21 16
13 16 14
14 10 1
14 8 31492
14 11 2703
14 4 37406
14 18 50053
14 15 1400
14 17 50622
14 9 2285
14 13 118196
14 5 113
14 25 300
14 16 203
14 6 12179
14 1 2315
14 19 193
14 24 6934
14 20 449
14 7 15444
14 21 22096
14 2 486
14 12 5100
14 22 78
14 23 2282
15 7 25
15 6 48
15 17 70
15 21 33
15 18 69
15 1 63
15 8 23
15 2 4
15 4 166
15 9 6
15 14 1400
15 5 10
15 13 651
15 22 1
15 12 6
15 24 15
15 11 15
16 7 74
16 12 3
16 13 14
16 25 1
16 11 59
16 8 25
16 14 203
16 9 2
16 4 365
16 18 109
16 24 6
16 17 590
17 14 50622
17 9 5470
17 12 1017
17 22 354
17 16 590
17 23 815
17 18 22052
17 13 31
17 5 54
17 15 70
17 21 3976
17 20 227
17 1 38
17 6 5092
17 24 10647
17 4 55429
17 10 32
17 8 15128
17 19 691
17 2 2
17 11 434
17 7 83804
17 25 1286
18 12 1012
18 14 50053
18 5 12
18 6 1408
18 9 670
18 8 7085
18 7 6185
18 24 778
18 20 27
18 11 288
18 25 68
18 21 4477
18 16 109
18 4 6691
18 13 32
18 23 115
18 17 22052
18 1 19
18 15 69
19 6 220
19 17 691
19 4 6212
19 1 1
19 5 81
19 9 1475
19 24 9
19 25 35
19 22 6534
19 23 2453
19 20 52
19 14 193
20 4 1146
20 14 449
20 9 65
20 22 437
20 12 28
20 7 116
20 13 58
20 1 138
20 24 94
20 17 227
20 6 589
20 19 52
20 21 8
20 25 40
20 5 191
20 11 23
20 8 88
20 18 27
20 23 931
21 20 8
21 23 302
21 14 22096
21 11 55
21 12 489
21 2 1
21 13 16
21 17 3976
21 9 249
21 15 33
21 7 1254
21 1 38
21 4 2052
21 18 4477
21 26 14
21 24 429
21 25 6
21 5 46
21 8 3003
21 6 825
22 19 6534
22 24 17
22 5 88
22 14 78
22 20 437
22 4 3438
22 23 1227
22 1 18
22 13 5
22 25 25
22 9 1567
22 15 1
22 6 82
22 17 354
23 20 931
23 21 302
23 4 3164
23 25 51
23 6 1887
23 17 815
23 7 183
23 14 2282
23 24 847
23 12 203
23 18 115
23 11 74
23 9 600
23 1 90
23 22 1227
23 5 329
23 19 2453
23 8 608
24 11 371
24 25 4819
24 8 1406
24 1 103
24 7 9685
24 14 6934
24 16 6
24 12 356
24 10 2
24 2 5
24 5 262
24 23 847
24 26 6
24 19 9
24 6 5117
24 21 429
24 4 18058
24 22 17
24 20 94
24 18 778
24 9 1820
24 15 15
24 17 10647
25 9 202
25 17 1286
25 5 106
25 20 40
25 11 24
25 22 25
25 24 4819
25 8 32
25 14 300
25 18 68
25 23 51
25 21 6
25 16 1
25 1 1
25 4 4325
25 12 16
25 19 35
25 7 2743
25 6 320
26 5 10
26 6 2
26 9 25
26 24 6
26 1 1
26 21 14
26 4 4
