*Vertices  15
1 "24" box
2 "412" box
3 "430" box
4 "2774" box
5 "2776" box
6 "2777" box
7 "2778" box
8 "2779" box
9 "2780" box
10 "2782" box
11 "2784" box
12 "2785" box
13 "2786" box
14 "2787" box
15 "2789" box
*Edges
1 6 2234
1 4 782
1 2 7839
1 3 4947
1 5 1457
1 8 13
1 12 5727
1 11 5070
1 7 19921
1 10 41274
1 13 43
1 14 1266
1 15 1335
1 9 334
2 11 6179
2 5 330
2 1 7839
2 7 13866
2 10 76977
2 3 4512
2 4 222
2 14 1133
2 9 74
3 11 7016
3 5 847
3 7 29118
3 10 13819
3 14 2758
3 1 4947
3 2 4512
3 4 177
3 9 25
4 13 2
4 14 52
4 3 177
4 5 287
4 9 59
4 1 782
4 2 222
4 10 426
4 11 288
4 7 2423
5 3 847
5 7 4807
5 2 330
5 1 1457
5 10 1007
5 11 1012
5 14 456
5 4 287
5 9 3
6 8 187
6 7 79356
6 1 2234
6 9 14
7 9 152
7 11 46911
7 2 13866
7 12 184
7 10 46116
7 5 4807
7 13 69
7 15 29
7 1 19921
7 8 320
7 4 2423
7 6 79356
7 14 18385
7 3 29118
8 7 320
8 1 13
8 6 187
9 11 109
9 7 152
9 1 334
9 3 25
9 5 3
9 6 14
9 10 590
9 2 74
9 4 59
10 2 76977
10 11 22017
10 7 46116
10 4 426
10 3 13819
10 14 3595
10 1 41274
10 12 691
10 15 163
10 9 590
10 5 1007
11 10 22017
11 7 46911
11 2 6179
11 14 4123
11 5 1012
11 9 109
11 1 5070
11 4 288
11 3 7016
12 1 5727
12 7 184
12 15 3261
12 10 691
13 7 69
13 4 2
13 1 43
14 5 456
14 7 18385
14 2 1133
14 10 3595
14 4 52
14 11 4123
14 1 1266
14 3 2758
15 7 29
15 12 3261
15 10 163
15 1 1335
