*Vertices  13
1 "24" box
2 "412" box
3 "430" box
4 "2774" box
5 "2776" box
6 "2777" box
7 "2778" box
8 "2779" box
9 "2780" box
10 "2782" box
11 "2784" box
12 "2785" box
13 "2786" box
*Edges
1 6 839
1 8 6
1 2 3519
1 3 679
1 7 10080
1 12 2264
1 11 3935
1 5 946
1 9 293
1 10 30663
1 4 547
2 5 161
2 3 408
2 4 149
2 1 3519
2 9 35
2 7 4164
2 10 27762
2 11 2842
3 11 1007
3 10 2548
3 9 3
3 4 55
3 2 408
3 7 2661
3 5 149
3 1 679
4 1 547
4 2 149
4 5 287
4 7 1329
4 11 256
4 9 59
4 10 368
4 3 55
5 1 946
5 10 943
5 7 2480
5 2 161
5 11 713
5 9 3
5 4 287
5 3 149
6 1 839
6 8 10
6 7 33615
7 5 2480
7 8 246
7 4 1329
7 6 33615
7 10 24998
7 1 10080
7 2 4164
7 12 13
7 3 2661
7 9 88
7 11 17698
8 7 246
8 1 6
8 6 10
9 4 59
9 2 35
9 5 3
9 7 88
9 3 3
9 11 109
9 10 580
9 1 293
10 1 30663
10 7 24998
10 3 2548
10 2 27762
10 5 943
10 9 580
10 4 368
10 12 280
10 11 17350
11 4 256
11 2 2842
11 5 713
11 1 3935
11 7 17698
11 3 1007
11 9 109
11 10 17350
12 1 2264
12 7 13
12 10 280
