*Vertices  16
1 "24" box
2 "412" box
3 "430" box
4 "2589" box
5 "2774" box
6 "2776" box
7 "2777" box
8 "2778" box
9 "2779" box
10 "2780" box
11 "2782" box
12 "2784" box
13 "2785" box
14 "2786" box
15 "2787" box
16 "2789" box
*Edges
1 16 1906
1 10 339
1 6 1530
1 8 21693
1 15 1369
1 11 47730
1 14 312
1 5 967
1 7 2347
1 3 5659
1 13 5777
1 9 13
1 4 309
1 12 5688
1 2 9710
2 6 340
2 1 9710
2 12 6185
2 8 14844
2 3 4976
2 10 74
2 5 227
2 15 1200
2 11 83201
3 10 25
3 11 15128
3 14 34
3 6 870
3 15 2867
3 2 4976
3 1 5659
3 8 31034
3 5 189
3 12 7085
4 13 738
4 11 41
4 16 469
4 1 309
4 8 10
5 8 2673
5 14 2
5 15 53
5 1 967
5 10 59
5 12 288
5 2 227
5 11 434
5 3 189
5 6 287
6 1 1530
6 11 1017
6 5 287
6 2 340
6 8 5034
6 15 469
6 3 870
6 10 3
6 12 1012
7 10 14
7 8 88727
7 9 227
7 1 2347
8 2 14844
8 10 187
8 1 21693
8 7 88727
8 14 69
8 5 2673
8 13 193
8 16 47
8 3 31034
8 11 49179
8 9 345
8 12 49321
8 6 5034
8 15 20327
8 4 10
9 8 345
9 7 227
9 1 13
10 7 14
10 3 25
10 12 109
10 11 590
10 5 59
10 2 74
10 1 339
10 6 3
10 8 187
11 8 49179
11 2 83201
11 3 15128
11 4 41
11 1 47730
11 16 226
11 10 590
11 12 22052
11 5 434
11 15 3782
11 6 1017
11 13 691
12 10 109
12 8 49321
12 5 288
12 11 22052
12 2 6185
12 1 5688
12 3 7085
12 6 1012
12 15 4283
13 4 738
13 16 4323
13 11 691
13 8 193
13 1 5777
14 8 69
14 5 2
14 1 312
14 16 251
14 3 34
15 12 4283
15 1 1369
15 6 469
15 2 1200
15 3 2867
15 8 20327
15 11 3782
15 5 53
16 4 469
16 11 226
16 13 4323
16 8 47
16 14 251
16 1 1906
