*Vertices  14
1 "24" box
2 "412" box
3 "430" box
4 "2774" box
5 "2776" box
6 "2777" box
7 "2778" box
8 "2779" box
9 "2780" box
10 "2782" box
11 "2784" box
12 "2785" box
13 "2786" box
14 "2787" box
*Edges
1 6 1369
1 2 6202
1 7 14440
1 5 1153
1 10 35771
1 11 4927
1 4 637
1 8 8
1 13 37
1 14 516
1 3 2783
1 12 4402
1 9 310
2 10 51931
2 3 2861
2 4 199
2 11 5824
2 7 10520
2 1 6202
2 5 327
2 9 42
2 14 487
3 2 2861
3 5 634
3 4 118
3 9 7
3 1 2783
3 11 5508
3 7 16674
3 10 9029
3 14 893
4 11 288
4 9 59
4 7 1764
4 1 637
4 14 13
4 5 287
4 3 118
4 2 199
4 10 385
4 13 2
5 4 287
5 3 634
5 11 1012
5 9 3
5 10 960
5 14 172
5 7 3593
5 2 327
5 1 1153
6 7 41932
6 8 126
6 1 1369
7 12 37
7 6 41932
7 5 3593
7 4 1764
7 3 16674
7 9 90
7 10 35471
7 11 35698
7 8 254
7 1 14440
7 2 10520
7 14 6953
8 6 126
8 1 8
8 7 254
9 11 109
9 2 42
9 7 90
9 10 580
9 1 310
9 5 3
9 4 59
9 3 7
10 14 1566
10 5 960
10 3 9029
10 9 580
10 4 385
10 2 51931
10 7 35471
10 12 554
10 11 21581
10 1 35771
11 3 5508
11 5 1012
11 9 109
11 7 35698
11 1 4927
11 2 5824
11 10 21581
11 4 288
11 14 1847
12 1 4402
12 10 554
12 7 37
13 4 2
13 1 37
14 1 516
14 2 487
14 4 13
14 3 893
14 5 172
14 10 1566
14 11 1847
14 7 6953
