*Vertices  8
1 "24" box
2 "2774" box
3 "2776" box
4 "2777" box
5 "2778" box
6 "2779" box
7 "2780" box
8 "2782" box
*Edges
1 2 166
1 3 59
1 7 130
1 5 974
1 8 2665
2 5 682
2 3 202
2 8 18
2 7 31
2 1 166
3 1 59
3 2 202
3 7 3
3 5 977
4 5 10745
5 4 10745
5 1 974
5 3 977
5 6 42
5 2 682
5 7 49
5 8 190
6 5 42
7 1 130
7 2 31
7 5 49
7 3 3
7 8 82
8 1 2665
8 5 190
8 2 18
8 7 82
