*Vertices  12
1 "24" box
2 "412" box
3 "430" box
4 "2774" box
5 "2776" box
6 "2777" box
7 "2778" box
8 "2779" box
9 "2780" box
10 "2782" box
11 "2784" box
12 "2785" box
*Edges
1 6 518
1 8 6
1 2 627
1 3 88
1 7 7363
1 12 514
1 11 2385
1 5 809
1 9 293
1 10 27080
1 4 496
2 5 50
2 3 23
2 4 103
2 1 627
2 9 5
2 7 961
2 10 3365
2 11 391
3 11 67
3 10 444
3 9 1
3 4 8
3 2 23
3 7 170
3 5 11
3 1 88
4 1 496
4 2 103
4 5 287
4 7 995
4 11 170
4 9 59
4 10 362
4 3 8
5 1 809
5 10 871
5 7 1821
5 2 50
5 11 324
5 9 3
5 4 287
5 3 11
6 1 518
6 8 8
6 7 29925
7 5 1821
7 8 230
7 4 995
7 6 29925
7 10 17069
7 1 7363
7 2 961
7 12 3
7 3 170
7 9 77
7 11 6680
8 7 230
8 1 6
8 6 8
9 4 59
9 2 5
9 5 3
9 7 77
9 3 1
9 11 83
9 10 536
9 1 293
10 1 27080
10 7 17069
10 3 444
10 2 3365
10 5 871
10 9 536
10 4 362
10 12 58
10 11 10584
11 4 170
11 2 391
11 5 324
11 1 2385
11 7 6680
11 3 67
11 9 83
11 10 10584
12 1 514
12 7 3
12 10 58
