*Vertices  13
1 "24" box
2 "412" box
3 "430" box
4 "2774" box
5 "2776" box
6 "2777" box
7 "2778" box
8 "2779" box
9 "2780" box
10 "2782" box
11 "2784" box
12 "2785" box
13 "2786" box
*Edges
1 13 31
1 11 4927
1 4 636
1 7 13621
1 2 5515
1 8 8
1 6 1301
1 12 4154
1 5 1151
1 3 2246
1 10 34930
1 9 310
2 4 198
2 3 2184
2 10 45708
2 11 5540
2 7 9854
2 9 42
2 1 5515
2 5 327
3 1 2246
3 5 541
3 4 103
3 7 13016
3 9 4
3 11 4697
3 2 2184
3 10 7157
4 5 287
4 3 103
4 13 2
4 11 288
4 9 59
4 1 636
4 2 198
4 10 384
4 7 1672
5 2 327
5 11 1012
5 7 3342
5 9 3
5 1 1151
5 4 287
5 10 960
5 3 541
6 7 40177
6 1 1301
6 8 69
7 6 40177
7 1 13621
7 2 9854
7 11 33583
7 5 3342
7 4 1672
7 10 33550
7 8 254
7 12 31
7 9 90
7 3 13016
8 1 8
8 7 254
8 6 69
9 5 3
9 2 42
9 7 90
9 3 4
9 4 59
9 1 310
9 10 580
9 11 109
10 9 580
10 11 21391
10 4 384
10 7 33550
10 12 525
10 2 45708
10 5 960
10 1 34930
10 3 7157
11 2 5540
11 10 21391
11 1 4927
11 3 4697
11 4 288
11 9 109
11 5 1012
11 7 33583
12 1 4154
12 7 31
12 10 525
13 1 31
13 4 2
