*Vertices  28
1 "21" box
2 "22" box
3 "23" box
4 "24" box
5 "25" box
6 "29" box
7 "32" box
8 "412" box
9 "430" box
10 "2589" box
11 "2590" box
12 "2774" box
13 "2776" box
14 "2777" box
15 "2778" box
16 "2779" box
17 "2780" box
18 "2782" box
19 "2784" box
20 "2785" box
21 "2786" box
22 "2787" box
23 "2789" box
24 "2792" box
25 "2793" box
26 "2794" box
27 "2795" box
28 "493" box
*Edges
1 9 60
1 15 2713
1 22 38
1 10 54
1 13 13
1 4 1043
1 2 317
1 6 229
1 26 21
1 20 1
1 21 138
1 8 24
1 27 3
1 25 156
1 23 18
1 19 19
1 24 97
1 16 74
1 14 8541
1 7 2
1 18 48
1 12 24
1 5 56
2 16 6
2 22 1
2 15 603
2 25 9
2 4 247
2 18 2
2 12 4
2 6 24
2 14 3958
2 1 317
2 8 10
3 28 1079
4 2 247
4 8 17444
4 25 19622
4 17 365
4 21 1149
4 20 6214
4 10 4805
4 13 2267
4 27 54
4 9 8297
4 11 126
4 6 7965
4 23 3446
4 22 2052
4 14 7458
4 12 1551
4 16 170
4 18 55459
4 19 6691
4 24 3342
4 26 4543
4 7 71
4 15 38084
4 5 954
4 1 1043
5 26 130
5 4 954
5 18 54
5 25 282
5 24 363
5 27 13
5 19 12
5 7 2
5 10 111
5 22 46
5 8 21
5 21 191
5 23 92
5 14 127
5 1 56
5 12 6
5 9 28
5 13 35
5 11 1
5 20 81
5 6 154
5 16 10
5 15 113
6 7 76
6 19 1444
6 15 12645
6 17 4
6 18 5176
6 5 154
6 25 5942
6 27 37
6 1 229
6 14 548
6 21 602
6 11 37
6 4 7965
6 2 24
6 9 2134
6 13 698
6 16 48
6 26 424
6 23 84
6 20 220
6 24 2003
6 10 1735
6 22 851
6 8 2027
6 12 989
7 26 42
7 10 9
7 6 76
7 15 43
7 18 55
7 11 13
7 25 125
7 4 71
7 24 7
7 12 1
7 9 7
7 1 2
7 8 89
7 5 2
8 19 6185
8 24 187
8 22 1254
8 4 17444
8 12 228
8 17 74
8 1 24
8 6 2027
8 2 10
8 26 2795
8 13 340
8 16 25
8 21 116
8 11 338
8 18 83804
8 14 8
8 25 11763
8 9 4976
8 10 2519
8 15 15444
8 27 71
8 7 89
8 5 21
9 6 2134
9 8 4976
9 18 15128
9 11 3
9 22 3003
9 16 23
9 17 25
9 19 7085
9 1 60
9 4 8297
9 26 38
9 12 189
9 5 28
9 15 31492
9 10 485
9 13 870
9 25 1540
9 27 1
9 24 610
9 7 7
9 14 9
9 21 88
28 3 1079
10 6 1735
10 26 208
10 22 249
10 24 630
10 5 111
10 19 670
10 11 76
10 27 32
10 21 65
10 4 4805
10 8 2519
10 17 2
10 13 158
10 16 6
10 18 5470
10 15 2285
10 7 9
10 12 147
10 23 1619
10 9 485
10 14 126
10 20 1541
10 25 2007
10 1 54
11 15 6
11 4 126
11 8 338
11 9 3
11 24 3
11 26 23
11 27 3
11 6 37
11 10 76
11 25 230
11 7 13
11 5 1
11 18 449
12 13 287
12 24 76
12 7 1
12 22 55
12 8 228
12 1 24
12 4 1551
12 19 288
12 15 2703
12 2 4
12 27 2
12 9 189
12 18 434
12 21 23
12 14 1
12 25 386
12 26 26
12 10 147
12 16 15
12 6 989
12 5 6
12 17 59
13 5 35
13 19 1012
13 17 3
13 6 698
13 26 19
13 10 158
13 21 28
13 14 2
13 8 340
13 4 2267
13 18 1017
13 24 203
13 16 6
13 1 13
13 12 287
13 22 489
13 27 5
13 25 395
13 15 5100
13 9 870
14 22 16
14 25 24
14 9 9
14 12 1
14 23 5
14 1 8541
14 13 2
14 6 548
14 4 7458
14 5 127
14 10 126
14 19 32
14 2 3958
14 8 8
14 18 31
14 16 651
14 17 14
14 21 58
14 15 118198
15 5 113
15 16 1400
15 1 2713
15 18 50622
15 9 31492
15 7 43
15 11 6
15 8 15444
15 24 2326
15 19 50053
15 21 449
15 10 2285
15 22 22096
15 2 603
15 6 12645
15 17 203
15 26 336
15 12 2703
15 4 38084
15 27 25
15 14 118198
15 23 78
15 13 5100
15 20 193
15 25 7330
16 19 69
16 2 6
16 22 33
16 10 6
16 18 70
16 9 23
16 25 16
16 12 15
16 8 25
16 15 1400
16 5 10
16 6 48
16 13 6
16 14 651
16 4 170
16 1 74
16 23 1
17 15 203
17 8 74
17 25 6
17 19 109
17 6 4
17 26 1
17 14 14
17 12 59
17 18 590
17 9 25
17 13 3
17 4 365
17 10 2
18 19 22052
18 10 5470
18 11 449
18 2 2
18 5 54
18 22 3976
18 20 691
18 7 55
18 23 354
18 12 434
18 25 12363
18 9 15128
18 4 55459
18 27 34
18 16 70
18 6 5176
18 1 48
18 13 1017
18 21 227
18 26 1297
18 15 50622
18 8 83804
18 24 832
18 17 590
18 14 31
19 24 115
19 17 109
19 13 1012
19 10 670
19 12 288
19 8 6185
19 14 32
19 15 50053
19 25 808
19 22 4477
19 6 1444
19 18 22052
19 5 12
19 9 7085
19 26 68
19 4 6691
19 21 27
19 1 19
19 16 69
20 23 6534
20 6 220
20 24 2685
20 1 1
20 18 691
20 21 52
20 4 6214
20 15 193
20 26 36
20 25 9
20 5 81
20 10 1541
21 10 65
21 14 58
21 8 116
21 1 138
21 25 99
21 6 602
21 26 40
21 24 933
21 9 88
21 23 437
21 5 191
21 4 1149
21 15 449
21 13 28
21 22 8
21 20 52
21 18 227
21 19 27
21 27 9
21 12 23
22 27 14
22 9 3003
22 14 16
22 10 249
22 12 55
22 13 489
22 15 22096
22 18 3976
22 24 303
22 8 1254
22 6 851
22 26 6
22 19 4477
22 4 2052
22 5 46
22 1 38
22 2 1
22 21 8
22 25 474
22 16 33
23 5 92
23 26 31
23 24 1416
23 6 84
23 14 5
23 15 78
23 25 17
23 4 3446
23 16 1
23 21 437
23 18 354
23 1 18
23 10 1619
23 20 6534
24 19 115
24 10 630
24 11 3
24 20 2685
24 6 2003
24 15 2326
24 7 7
24 9 610
24 8 187
24 27 1
24 5 363
24 22 303
24 1 97
24 26 68
24 12 76
24 23 1416
24 21 933
24 25 977
24 4 3342
24 18 832
24 13 203
25 22 474
25 15 7330
25 12 386
25 27 45
25 13 395
25 5 282
25 1 156
25 2 9
25 10 2007
25 21 99
25 11 230
25 16 16
25 7 125
25 8 11763
25 26 5666
25 9 1540
25 24 977
25 17 6
25 23 17
25 19 808
25 14 24
25 20 9
25 18 12363
25 4 19622
25 6 5942
26 24 68
26 1 21
26 18 1297
26 27 8
26 15 336
26 19 68
26 11 23
26 20 36
26 23 31
26 7 42
26 10 208
26 8 2795
26 12 26
26 13 19
26 25 5666
26 4 4543
26 5 130
26 9 38
26 17 1
26 21 40
26 6 424
26 22 6
27 26 8
27 5 13
27 22 14
27 13 5
27 1 3
27 15 25
27 10 32
27 8 71
27 6 37
27 25 45
27 4 54
27 18 34
27 24 1
27 21 9
27 9 1
27 12 2
27 11 3
