*Vertices  27
1 "21" box
2 "22" box
3 "23" box
4 "24" box
5 "25" box
6 "29" box
7 "412" box
8 "430" box
9 "2589" box
10 "2590" box
11 "2774" box
12 "2776" box
13 "2777" box
14 "2778" box
15 "2779" box
16 "2780" box
17 "2782" box
18 "2784" box
19 "2785" box
20 "2786" box
21 "2787" box
22 "2789" box
23 "2792" box
24 "2793" box
25 "2794" box
26 "2795" box
27 "493" box
*Edges
1 4 891
1 9 45
1 23 90
1 5 46
1 18 19
1 11 24
1 14 2512
1 13 7768
1 17 38
1 8 48
1 12 13
1 21 38
1 26 3
1 6 181
1 24 109
1 7 23
1 25 5
1 15 69
1 2 226
1 22 18
1 20 138
1 19 1
2 11 4
2 7 10
2 24 9
2 17 2
2 1 226
2 6 21
2 15 4
2 13 3482
2 14 486
2 21 1
2 4 212
3 27 667
4 10 3
4 16 365
4 9 4801
4 21 2052
4 8 8297
4 11 1551
4 19 6214
4 2 212
4 6 7451
4 1 891
4 20 1149
4 13 7397
4 14 37582
4 7 17444
4 15 166
4 22 3446
4 26 38
4 25 4471
4 5 463
4 23 3252
4 24 18065
4 12 2267
4 17 55429
4 18 6691
5 15 10
5 20 191
5 7 21
5 25 111
5 1 46
5 4 463
5 24 262
5 17 54
5 10 1
5 19 81
5 14 113
5 21 46
5 13 127
5 23 339
5 22 92
5 6 113
5 9 83
5 12 9
5 26 10
5 8 28
5 18 12
6 15 48
6 19 220
6 12 672
6 4 7451
6 1 181
6 26 27
6 8 2046
6 7 1990
6 11 960
6 20 596
6 5 113
6 2 21
6 14 12181
6 18 1408
6 21 825
6 13 397
6 25 325
6 17 5092
6 23 1887
6 24 5133
6 22 82
6 9 1676
7 13 8
7 12 340
7 24 9693
7 21 1254
7 15 25
7 8 4976
7 5 21
7 9 2519
7 4 17444
7 23 183
7 20 116
7 14 15444
7 11 228
7 18 6185
7 1 23
7 17 83804
7 16 74
7 10 7
7 6 1990
7 26 71
7 25 2795
7 2 10
8 4 8297
8 18 7085
8 7 4976
8 14 31492
8 16 25
8 25 38
8 12 870
8 10 3
8 6 2046
8 13 9
8 5 28
8 23 608
8 17 15128
8 26 1
8 20 88
8 9 485
8 21 3003
8 1 48
8 11 189
8 24 1406
8 15 23
27 3 667
9 10 55
9 5 83
9 23 612
9 17 5470
9 21 249
9 8 485
9 12 158
9 6 1676
9 15 6
9 7 2519
9 14 2285
9 24 1820
9 18 670
9 11 147
9 16 2
9 22 1567
9 1 45
9 4 4801
9 19 1475
9 26 31
9 13 126
9 25 206
9 20 65
10 24 28
10 26 2
10 5 1
10 14 1
10 17 32
10 4 3
10 8 3
10 7 7
10 9 55
11 24 372
11 4 1551
11 17 434
11 13 1
11 2 4
11 20 23
11 15 15
11 9 147
11 1 24
11 21 55
11 7 228
11 23 74
11 12 287
11 18 288
11 25 26
11 8 189
11 6 960
11 14 2703
11 16 59
12 20 28
12 9 158
12 18 1012
12 23 203
12 5 9
12 14 5100
12 25 19
12 6 672
12 17 1017
12 21 489
12 1 13
12 7 340
12 8 870
12 13 2
12 15 6
12 16 3
12 4 2267
12 24 356
12 11 287
13 6 397
13 5 127
13 1 7768
13 8 9
13 12 2
13 14 118198
13 4 7397
13 20 58
13 21 16
13 16 14
13 22 5
13 15 651
13 9 126
13 17 31
13 18 32
13 2 3482
13 11 1
13 7 8
13 24 24
14 17 50622
14 25 336
14 1 2512
14 21 22096
14 13 118198
14 16 203
14 12 5100
14 6 12181
14 18 50053
14 10 1
14 5 113
14 24 6958
14 23 2285
14 11 2703
14 8 31492
14 2 486
14 22 78
14 15 1400
14 20 449
14 7 15444
14 19 193
14 4 37582
14 9 2285
14 26 24
15 7 25
15 4 166
15 24 16
15 8 23
15 1 69
15 13 651
15 21 33
15 2 4
15 6 48
15 9 6
15 18 69
15 17 70
15 14 1400
15 12 6
15 5 10
15 11 15
15 22 1
16 7 74
16 9 2
16 8 25
16 17 590
16 12 3
16 11 59
16 14 203
16 4 365
16 13 14
16 24 6
16 18 109
16 25 1
17 19 691
17 24 10647
17 1 38
17 10 32
17 9 5470
17 16 590
17 26 32
17 8 15128
17 23 822
17 6 5092
17 25 1293
17 15 70
17 12 1017
17 13 31
17 21 3976
17 5 54
17 2 2
17 20 227
17 7 83804
17 22 354
17 14 50622
17 4 55429
17 18 22052
17 11 434
18 14 50053
18 1 19
18 8 7085
18 21 4477
18 6 1408
18 25 68
18 13 32
18 23 115
18 16 109
18 12 1012
18 5 12
18 11 288
18 9 670
18 24 778
18 7 6185
18 15 69
18 4 6691
18 17 22052
18 20 27
19 20 52
19 6 220
19 25 35
19 9 1475
19 17 691
19 5 81
19 22 6534
19 14 193
19 24 9
19 23 2551
19 4 6214
19 1 1
20 6 596
20 21 8
20 22 437
20 9 65
20 5 191
20 4 1149
20 13 58
20 14 449
20 25 40
20 23 931
20 11 23
20 12 28
20 26 9
20 8 88
20 24 94
20 17 227
20 18 27
20 1 138
20 19 52
20 7 116
21 17 3976
21 18 4477
21 7 1254
21 25 6
21 1 38
21 24 429
21 2 1
21 11 55
21 20 8
21 4 2052
21 15 33
21 12 489
21 14 22096
21 13 16
21 23 302
21 8 3003
21 26 14
21 5 46
21 9 249
21 6 825
22 24 17
22 17 354
22 15 1
22 5 92
22 1 18
22 13 5
22 14 78
22 20 437
22 19 6534
22 23 1301
22 4 3446
22 25 25
22 9 1567
22 6 82
23 19 2551
23 8 608
23 1 90
23 25 52
23 6 1887
23 24 849
23 18 115
23 4 3252
23 21 302
23 12 203
23 20 931
23 7 183
23 11 74
23 5 339
23 14 2285
23 22 1301
23 17 822
23 9 612
24 13 24
24 4 18065
24 21 429
24 14 6958
24 5 262
24 26 35
24 15 16
24 2 9
24 12 356
24 22 17
24 17 10647
24 11 372
24 6 5133
24 25 4957
24 7 9693
24 23 849
24 8 1406
24 9 1820
24 18 778
24 20 94
24 1 109
24 19 9
24 16 6
24 10 28
25 12 19
25 5 111
25 18 68
25 23 52
25 16 1
25 24 4957
25 6 325
25 26 7
25 14 336
25 4 4471
25 19 35
25 1 5
25 7 2795
25 8 38
25 9 206
25 20 40
25 11 26
25 21 6
25 17 1293
25 22 25
26 1 3
26 4 38
26 9 31
26 21 14
26 20 9
26 7 71
26 8 1
26 5 10
26 24 35
26 10 2
26 17 32
26 25 7
26 6 27
26 14 24
