*Vertices  14
1 "24" box
2 "412" box
3 "430" box
4 "2774" box
5 "2776" box
6 "2777" box
7 "2778" box
8 "2779" box
9 "2780" box
10 "2782" box
11 "2784" box
12 "2785" box
13 "2786" box
14 "2787" box
*Edges
1 6 1593
1 3 3178
1 12 5217
1 14 1083
1 9 316
1 7 16110
1 13 41
1 4 675
1 2 7256
1 10 37192
1 8 9
1 11 4960
1 5 1233
2 7 11538
2 4 201
2 3 3224
2 11 6099
2 9 59
2 5 327
2 14 1019
2 1 7256
2 10 62964
3 1 3178
3 2 3224
3 5 716
3 9 7
3 4 129
3 11 6111
3 14 2157
3 7 20296
3 10 9986
4 3 129
4 2 201
4 1 675
4 13 2
4 14 48
4 5 287
4 11 288
4 10 386
4 9 59
4 7 1933
5 7 3986
5 9 3
5 3 716
5 4 287
5 14 407
5 2 327
5 11 1012
5 1 1233
5 10 960
6 1 1593
6 8 140
6 7 65592
6 9 14
7 2 11538
7 9 136
7 14 13996
7 6 65592
7 5 3986
7 3 20296
7 12 44
7 10 38535
7 11 39131
7 1 16110
7 4 1933
7 8 280
8 1 9
8 7 280
8 6 140
9 3 7
9 11 109
9 1 316
9 4 59
9 6 14
9 2 59
9 5 3
9 7 136
9 10 580
10 2 62964
10 3 9986
10 7 38535
10 9 580
10 12 678
10 1 37192
10 11 21882
10 5 960
10 4 386
10 14 3219
11 1 4960
11 4 288
11 2 6099
11 3 6111
11 5 1012
11 9 109
11 10 21882
11 7 39131
11 14 3737
12 7 44
12 10 678
12 1 5217
13 1 41
13 4 2
14 2 1019
14 1 1083
14 5 407
14 10 3219
14 4 48
14 7 13996
14 3 2157
14 11 3737
