*Vertices  31
1 "21" box
2 "22" box
3 "23" box
4 "24" box
5 "25" box
6 "29" box
7 "32" box
8 "33" box
9 "412" box
10 "430" box
11 "2589" box
12 "2590" box
13 "2774" box
14 "2776" box
15 "2777" box
16 "2778" box
17 "2779" box
18 "2780" box
19 "2782" box
20 "2784" box
21 "2785" box
22 "2786" box
23 "2787" box
24 "2789" box
25 "2792" box
26 "2793" box
27 "2794" box
28 "2795" box
29 "2796" box
30 "849" box
31 "493" box
*Edges
1 2 741
1 28 4
1 30 370
1 3 63
1 15 9437
1 7 24
1 31 18
1 4 1278
1 10 100
1 12 29
1 27 31
1 25 145
1 26 418
1 14 28
1 6 655
1 22 142
1 13 38
1 5 195
1 23 53
1 19 82
1 20 34
1 8 1
1 29 98
1 24 18
1 9 37
1 11 103
1 16 3202
1 17 93
1 21 1
2 6 90
2 25 8
2 27 7
2 19 4
2 17 53
2 30 244
2 18 7
2 26 43
2 15 7458
2 31 9
2 3 27
2 20 1
2 11 8
2 13 4
2 29 11
2 9 11
2 23 4
2 12 11
2 1 741
2 5 75
2 10 1
2 4 498
2 16 1526
3 2 27
3 30 18
3 7 1
3 6 605
3 29 1
3 31 3742
3 16 59
3 12 2
3 28 1
3 26 1
3 4 142
3 1 63
3 11 2
3 17 19
3 14 26
3 24 1
3 13 6
3 15 395
3 5 82
4 13 1594
4 31 15
4 2 498
4 29 93
4 14 2449
4 30 865
4 28 89
4 3 142
4 23 2052
4 25 3859
4 22 1159
4 27 6344
4 24 3466
4 11 6143
4 8 7
4 12 1112
4 17 170
4 1 1278
4 26 37094
4 9 17444
4 6 11103
4 19 55462
4 7 2257
4 18 365
4 20 6691
4 15 7646
4 21 6249
4 5 7631
4 10 8297
4 16 38113
5 21 240
5 16 1104
5 2 75
5 30 149
5 6 1090
5 28 32
5 15 1028
5 9 106
5 11 627
5 24 235
5 18 12
5 14 119
5 3 82
5 29 13
5 25 919
5 27 391
5 22 440
5 12 57
5 20 76
5 4 7631
5 7 100
5 19 186
5 23 68
5 1 195
5 10 128
5 26 1129
5 13 57
5 17 23
6 16 18630
6 4 11103
6 26 14207
6 31 66
6 1 655
6 10 2891
6 28 69
6 25 3018
6 5 1090
6 3 605
6 15 1246
6 21 275
6 2 90
6 17 75
6 11 2932
6 24 108
6 27 702
6 30 140
6 23 1194
6 7 884
6 13 1415
6 20 2027
6 9 2448
6 29 119
6 18 4
6 12 652
6 19 6003
6 22 730
6 14 914
7 13 34
7 21 40
7 26 13827
7 10 122
7 24 26
7 5 100
7 28 3
7 9 11511
7 3 1
7 14 34
7 22 6
7 17 5
7 27 3244
7 25 284
7 6 884
7 23 55
7 1 24
7 4 2257
7 29 4
7 12 507
7 20 98
7 16 778
7 8 5
7 19 2580
7 15 19
7 30 39
7 11 414
8 1 1
8 9 1
8 30 17
8 16 20
8 4 7
8 26 12
8 11 3
8 7 5
9 23 1254
9 1 37
9 12 2830
9 22 116
9 16 15444
9 19 83804
9 8 1
9 5 106
9 7 11511
9 11 3144
9 13 228
9 10 4976
9 29 12
9 14 340
9 2 11
9 17 25
9 30 21
9 26 49473
9 25 210
9 18 74
9 6 2448
9 27 7449
9 28 71
9 20 6185
9 4 17444
9 15 8
10 19 15128
10 30 14
10 25 670
10 28 1
10 17 23
10 22 88
10 4 8297
10 6 2891
10 12 73
10 2 1
10 27 47
10 29 16
10 5 128
10 14 870
10 11 579
10 16 31492
10 20 7085
10 15 9
10 1 100
10 7 122
10 13 189
10 18 25
10 23 3003
10 9 4976
10 26 2232
31 16 2
31 4 15
31 30 6
31 12 1
31 6 66
31 1 18
31 2 9
31 15 167
31 3 3742
30 6 140
30 25 464
30 11 134
30 16 1329
30 27 29
30 7 39
30 2 244
30 5 149
30 9 21
30 20 4
30 14 31
30 8 17
30 18 13
30 10 14
30 22 10
30 24 201
30 19 31
30 4 865
30 3 18
30 17 12
30 15 2799
30 31 6
30 26 147
30 12 11
30 13 23
30 29 11
30 1 370
30 21 175
11 23 270
11 19 6584
11 21 2054
11 29 25
11 22 75
11 25 1038
11 13 219
11 10 579
11 20 723
11 18 2
11 28 67
11 26 6365
11 30 134
11 12 1237
11 14 179
11 17 9
11 9 3144
11 5 627
11 4 6143
11 3 2
11 2 8
11 16 3188
11 1 103
11 8 3
11 24 2046
11 27 551
11 7 414
11 15 131
11 6 2932
12 7 507
12 9 2830
12 23 16
12 30 11
12 16 399
12 11 1237
12 13 31
12 29 6
12 15 262
12 19 3601
12 20 52
12 4 1112
12 17 3
12 26 4959
12 2 11
12 5 57
12 6 652
12 27 416
12 22 6
12 31 1
12 14 18
12 25 55
12 1 29
12 3 2
12 10 73
12 28 9
13 5 57
13 25 88
13 23 55
13 14 287
13 22 23
13 30 23
13 16 2703
13 17 15
13 6 1415
13 26 799
13 9 228
13 19 434
13 15 1
13 2 4
13 7 34
13 11 219
13 27 29
13 28 2
13 10 189
13 3 6
13 4 1594
13 20 288
13 1 38
13 18 59
13 29 10
13 12 31
14 9 340
14 25 223
14 17 6
14 1 28
14 11 179
14 7 34
14 27 21
14 15 2
14 16 5100
14 29 10
14 30 31
14 4 2449
14 20 1012
14 13 287
14 19 1017
14 23 489
14 12 18
14 18 3
14 3 26
14 5 119
14 22 28
14 6 914
14 28 5
14 26 603
14 10 870
15 7 19
15 26 34
15 10 9
15 29 115
15 17 655
15 20 32
15 16 118626
15 1 9437
15 19 31
15 24 6
15 31 167
15 18 14
15 12 262
15 2 7458
15 30 2799
15 11 131
15 13 1
15 4 7646
15 9 8
15 23 16
15 3 395
15 6 1246
15 22 58
15 14 2
15 5 1028
16 15 118626
16 13 2703
16 12 399
16 31 2
16 9 15444
16 1 3202
16 19 50622
16 8 20
16 20 50053
16 27 364
16 2 1526
16 30 1329
16 14 5100
16 28 25
16 3 59
16 26 13422
16 10 31492
16 6 18630
16 29 129
16 25 2693
16 11 3188
16 21 193
16 22 449
16 24 78
16 4 38113
16 5 1104
16 17 1401
16 7 778
16 23 22096
16 18 203
17 23 33
17 10 23
17 6 75
17 4 170
17 14 6
17 2 53
17 5 23
17 11 9
17 9 25
17 19 70
17 16 1401
17 15 655
17 20 69
17 13 15
17 26 31
17 7 5
17 24 1
17 29 2
17 1 93
17 30 12
17 25 1
17 3 19
17 12 3
18 2 7
18 26 9
18 10 25
18 30 13
18 20 109
18 19 590
18 14 3
18 4 365
18 5 12
18 16 203
18 13 59
18 6 4
18 9 74
18 11 2
18 27 3
18 15 14
19 16 50622
19 14 1017
19 20 22052
19 6 6003
19 27 2628
19 12 3601
19 21 691
19 15 31
19 26 35519
19 1 82
19 25 926
19 7 2580
19 17 70
19 11 6584
19 10 15128
19 29 42
19 18 590
19 9 83804
19 5 186
19 23 3976
19 2 4
19 13 434
19 30 31
19 24 354
19 4 55462
19 28 34
19 22 227
20 11 723
20 6 2027
20 13 288
20 14 1012
20 22 27
20 30 4
20 25 143
20 29 10
20 5 76
20 15 32
20 2 1
20 12 52
20 4 6691
20 16 50053
20 1 34
20 27 74
20 19 22052
20 7 98
20 18 109
20 10 7085
20 17 69
20 23 4477
20 9 6185
20 26 1255
21 16 193
21 4 6249
21 11 2054
21 19 691
21 7 40
21 25 3319
21 26 102
21 30 175
21 5 240
21 29 1
21 27 45
21 1 1
21 6 275
21 22 52
21 24 6534
22 25 964
22 29 5
22 20 27
22 24 437
22 5 440
22 1 142
22 14 28
22 28 9
22 11 75
22 21 52
22 10 88
22 15 58
22 12 6
22 13 23
22 19 227
22 16 449
22 26 140
22 23 8
22 9 116
22 7 6
22 6 730
22 27 41
22 30 10
22 4 1159
23 14 489
23 27 7
23 13 55
23 19 3976
23 2 4
23 15 16
23 6 1194
23 11 270
23 12 16
23 4 2052
23 1 53
23 25 331
23 17 33
23 22 8
23 16 22096
23 9 1254
23 28 14
23 20 4477
23 5 68
23 29 6
23 26 766
23 10 3003
23 7 55
24 19 354
24 30 201
24 6 108
24 22 437
24 7 26
24 21 6534
24 25 1853
24 4 3466
24 5 235
24 27 31
24 15 6
24 1 18
24 11 2046
24 26 67
24 16 78
24 17 1
24 3 1
25 23 331
25 2 8
25 9 210
25 7 284
25 29 7
25 1 145
25 28 3
25 20 143
25 21 3319
25 13 88
25 11 1038
25 4 3859
25 6 3018
25 12 55
25 30 464
25 26 2651
25 22 964
25 19 926
25 16 2693
25 14 223
25 17 1
25 24 1853
25 27 85
25 10 670
25 5 919
26 5 1129
26 15 34
26 22 140
26 17 31
26 3 1
26 8 12
26 16 13422
26 25 2651
26 24 67
26 1 418
26 29 107
26 19 35519
26 6 14207
26 20 1255
26 7 13827
26 23 766
26 9 49473
26 12 4959
26 28 145
26 27 18664
26 30 147
26 11 6365
26 21 102
26 14 603
26 2 43
26 4 37094
26 18 9
26 10 2232
26 13 799
27 13 29
27 19 2628
27 21 45
27 26 18664
27 10 47
27 12 416
27 22 41
27 25 85
27 16 364
27 4 6344
27 1 31
27 2 7
27 30 29
27 20 74
27 5 391
27 6 702
27 28 12
27 23 7
27 11 551
27 29 11
27 14 21
27 24 31
27 18 3
27 7 3244
27 9 7449
28 13 2
28 3 1
28 22 9
28 25 3
28 16 25
28 10 1
28 23 14
28 19 34
28 14 5
28 4 89
28 7 3
28 9 71
28 1 4
28 26 145
28 6 69
28 12 9
28 5 32
28 27 12
28 11 67
29 21 1
29 1 98
29 15 115
29 30 11
29 25 7
29 9 12
29 27 11
29 4 93
29 2 11
29 13 10
29 23 6
29 16 129
29 10 16
29 26 107
29 12 6
29 5 13
29 7 4
29 3 1
29 20 10
29 19 42
29 11 25
29 22 5
29 14 10
29 17 2
29 6 119
