*Vertices  27
1 "21" box
2 "22" box
3 "23" box
4 "24" box
5 "25" box
6 "29" box
7 "412" box
8 "430" box
9 "2589" box
10 "2590" box
11 "2774" box
12 "2776" box
13 "2777" box
14 "2778" box
15 "2779" box
16 "2780" box
17 "2782" box
18 "2784" box
19 "2785" box
20 "2786" box
21 "2787" box
22 "2789" box
23 "2792" box
24 "2793" box
25 "2794" box
26 "2795" box
27 "493" box
*Edges
1 18 19
1 11 24
1 6 168
1 15 63
1 17 38
1 12 13
1 8 48
1 14 2304
1 22 18
1 9 45
1 4 808
1 23 84
1 7 23
1 24 103
1 2 209
1 25 1
1 20 138
1 19 1
1 5 45
1 21 38
1 13 6838
2 11 4
2 7 10
2 15 4
2 24 5
2 21 1
2 1 209
2 6 21
2 13 3482
2 14 486
2 4 209
2 17 2
3 27 419
4 8 8297
4 25 4251
4 19 6212
4 17 55429
4 24 17931
4 21 2052
4 22 3438
4 1 808
4 20 1146
4 18 6691
4 15 166
4 9 4779
4 23 3105
4 2 209
4 16 365
4 12 2267
4 6 7064
4 10 3
4 13 7367
4 5 281
4 11 1551
4 7 17444
4 14 37404
5 26 6
5 8 28
5 14 113
5 25 62
5 18 12
5 24 198
5 10 1
5 23 328
5 4 281
5 17 54
5 20 191
5 13 127
5 9 68
5 1 45
5 12 9
5 15 10
5 22 88
5 6 108
5 7 21
5 21 46
5 19 81
6 19 187
6 1 168
6 24 4997
6 22 72
6 26 2
6 5 108
6 13 391
6 7 1977
6 17 5047
6 15 48
6 4 7064
6 23 1702
6 21 799
6 9 1642
6 12 627
6 14 11999
6 25 308
6 8 1997
6 11 944
6 18 1399
6 20 588
6 2 21
7 12 340
7 13 8
7 6 1977
7 18 6185
7 11 228
7 20 116
7 21 1254
7 15 25
7 10 7
7 14 15444
7 5 21
7 24 9683
7 16 74
7 9 2519
7 17 83804
7 1 23
7 4 17444
7 2 10
7 25 2618
7 8 4976
7 23 173
8 17 15128
8 12 870
8 21 3003
8 11 189
8 13 9
8 6 1997
8 14 31492
8 15 23
8 20 88
8 16 25
8 25 24
8 1 48
8 24 1406
8 10 3
8 7 4976
8 9 485
8 18 7085
8 5 28
8 4 8297
8 23 576
27 3 419
9 10 55
9 25 201
9 1 45
9 15 6
9 22 1565
9 16 2
9 18 670
9 17 5470
9 7 2519
9 21 249
9 24 1813
9 4 4779
9 26 15
9 14 2285
9 23 580
9 13 126
9 12 158
9 5 68
9 19 1475
9 6 1642
9 8 485
9 20 65
9 11 147
10 17 32
10 8 3
10 5 1
10 4 3
10 14 1
10 24 2
10 7 7
10 9 55
11 6 944
11 23 69
11 24 371
11 9 147
11 7 228
11 2 4
11 13 1
11 1 24
11 15 15
11 16 59
11 4 1551
11 25 23
11 21 55
11 20 23
11 18 288
11 8 189
11 17 434
11 12 287
11 14 2703
12 11 287
12 8 870
12 24 356
12 13 2
12 25 15
12 15 6
12 18 1012
12 4 2267
12 14 5100
12 9 158
12 20 28
12 1 13
12 17 1017
12 16 3
12 5 9
12 6 627
12 21 489
12 7 340
12 23 190
13 14 118196
13 21 16
13 1 6838
13 5 127
13 9 126
13 4 7367
13 16 14
13 2 3482
13 17 31
13 15 651
13 22 5
13 11 1
13 7 8
13 20 58
13 8 9
13 12 2
13 18 32
13 6 391
14 8 31492
14 20 449
14 2 486
14 25 299
14 9 2285
14 19 193
14 23 2094
14 6 11999
14 22 78
14 5 113
14 18 50053
14 7 15444
14 21 22096
14 24 6912
14 11 2703
14 16 203
14 4 37404
14 1 2304
14 17 50622
14 13 118196
14 15 1400
14 10 1
14 12 5100
15 13 651
15 11 15
15 22 1
15 4 166
15 7 25
15 24 15
15 5 10
15 2 4
15 8 23
15 12 6
15 6 48
15 17 70
15 1 63
15 14 1400
15 21 33
15 18 69
15 9 6
16 12 3
16 24 6
16 11 59
16 9 2
16 14 203
16 18 109
16 8 25
16 17 590
16 7 74
16 13 14
16 4 365
17 7 83804
17 11 434
17 25 1259
17 19 691
17 1 38
17 12 1017
17 24 10647
17 21 3976
17 9 5470
17 22 354
17 2 2
17 4 55429
17 13 31
17 14 50622
17 6 5047
17 23 787
17 18 22052
17 10 32
17 20 227
17 15 70
17 8 15128
17 5 54
17 16 590
18 5 12
18 13 32
18 12 1012
18 15 69
18 8 7085
18 16 109
18 4 6691
18 9 670
18 20 27
18 11 288
18 24 778
18 21 4477
18 14 50053
18 7 6185
18 23 108
18 1 19
18 6 1399
18 17 22052
18 25 67
19 5 81
19 22 6534
19 6 187
19 24 9
19 1 1
19 17 691
19 20 52
19 4 6212
19 14 193
19 25 35
19 9 1475
19 23 2453
20 14 449
20 5 191
20 25 40
20 22 437
20 8 88
20 4 1146
20 1 138
20 9 65
20 6 588
20 12 28
20 18 27
20 7 116
20 11 23
20 13 58
20 23 929
20 17 227
20 19 52
20 21 8
20 24 94
21 6 799
21 14 22096
21 13 16
21 5 46
21 9 249
21 17 3976
21 24 428
21 1 38
21 25 6
21 8 3003
21 15 33
21 20 8
21 23 287
21 7 1254
21 18 4477
21 11 55
21 12 489
21 2 1
21 4 2052
22 19 6534
22 4 3438
22 17 354
22 14 78
22 20 437
22 1 18
22 9 1565
22 25 25
22 13 5
22 15 1
22 24 17
22 6 72
22 5 88
22 23 1225
23 12 190
23 6 1702
23 1 84
23 11 69
23 7 173
23 24 799
23 9 580
23 17 787
23 14 2094
23 21 287
23 19 2453
23 8 576
23 18 108
23 20 929
23 22 1225
23 25 19
23 5 328
23 4 3105
24 19 9
24 15 15
24 17 10647
24 22 17
24 16 6
24 7 9683
24 12 356
24 23 799
24 14 6912
24 6 4997
24 9 1813
24 21 428
24 2 5
24 8 1406
24 5 198
24 20 94
24 4 17931
24 10 2
24 1 103
24 26 1
24 11 371
24 18 778
24 25 4698
25 23 19
25 14 299
25 24 4698
25 8 24
25 20 40
25 4 4251
25 6 308
25 11 23
25 9 201
25 1 1
25 17 1259
25 5 62
25 22 25
25 19 35
25 7 2618
25 12 15
25 21 6
25 18 67
26 6 2
26 24 1
26 9 15
26 5 6
