*Vertices  8
1 "24" box
2 "2774" box
3 "2776" box
4 "2777" box
5 "2778" box
6 "2779" box
7 "2780" box
8 "2782" box
*Edges
1 5 988
1 3 67
1 8 3198
1 2 175
1 7 132
2 1 175
2 3 258
2 5 683
2 7 31
2 8 59
3 1 67
3 5 979
3 7 3
3 2 258
3 8 32
4 5 12250
5 7 49
5 4 12250
5 1 988
5 6 42
5 2 683
5 8 431
5 3 979
6 5 42
7 3 3
7 5 49
7 1 132
7 8 96
7 2 31
8 2 59
8 3 32
8 5 431
8 7 96
8 1 3198
