*Vertices  13
1 "24" box
2 "412" box
3 "430" box
4 "2774" box
5 "2776" box
6 "2777" box
7 "2778" box
8 "2779" box
9 "2780" box
10 "2782" box
11 "2784" box
12 "2785" box
13 "2786" box
*Edges
1 13 5
1 11 4625
1 4 590
1 7 12445
1 2 4740
1 8 6
1 6 1039
1 12 3958
1 5 1020
1 3 2026
1 10 34288
1 9 302
2 4 182
2 3 1847
2 10 37580
2 11 4510
2 7 7632
2 9 42
2 1 4740
2 5 263
3 1 2026
3 5 477
3 4 94
3 7 10636
3 9 4
3 11 3796
3 2 1847
3 10 6626
4 5 287
4 3 94
4 13 2
4 11 284
4 9 59
4 1 590
4 2 182
4 10 383
4 7 1581
5 2 263
5 11 907
5 7 3042
5 9 3
5 1 1020
5 4 287
5 10 960
5 3 477
6 7 37752
6 1 1039
6 8 43
7 6 37752
7 1 12445
7 2 7632
7 11 27793
7 5 3042
7 4 1581
7 10 30986
7 8 254
7 12 29
7 9 90
7 3 10636
8 1 6
8 7 254
8 6 43
9 5 3
9 2 42
9 7 90
9 3 4
9 4 59
9 1 302
9 10 580
9 11 109
10 9 580
10 11 20113
10 4 383
10 7 30986
10 12 515
10 2 37580
10 5 960
10 1 34288
10 3 6626
11 2 4510
11 10 20113
11 1 4625
11 3 3796
11 4 284
11 9 109
11 5 907
11 7 27793
12 1 3958
12 7 29
12 10 515
13 1 5
13 4 2
