*Vertices  26
1 "21" box
2 "22" box
3 "23" box
4 "24" box
5 "25" box
6 "29" box
7 "412" box
8 "430" box
9 "2589" box
10 "2590" box
11 "2774" box
12 "2776" box
13 "2777" box
14 "2778" box
15 "2779" box
16 "2780" box
17 "2782" box
18 "2784" box
19 "2785" box
20 "2786" box
21 "2787" box
22 "2789" box
23 "2792" box
24 "2793" box
25 "2794" box
26 "493" box
*Edges
1 7 23
1 8 48
1 17 38
1 12 13
1 24 103
1 6 149
1 19 1
1 14 2289
1 21 38
1 2 197
1 15 63
1 18 19
1 11 24
1 5 45
1 20 135
1 4 767
1 13 6499
1 22 16
1 25 1
1 9 45
1 23 76
2 4 205
2 24 5
2 7 10
2 13 3369
2 15 4
2 11 4
2 17 2
2 21 1
2 6 16
2 14 472
2 1 197
3 26 373
4 25 3916
4 10 3
4 5 272
4 16 365
4 15 165
4 17 55429
4 1 767
4 24 17713
4 2 205
4 7 17353
4 8 8297
4 12 2267
4 18 6691
4 23 2976
4 6 6756
4 21 2052
4 22 3419
4 11 1547
4 19 6212
4 13 7302
4 14 37320
4 9 4774
4 20 1120
5 4 272
5 18 12
5 1 45
5 23 307
5 12 9
5 13 127
5 14 112
5 15 10
5 8 28
5 20 151
5 25 59
5 7 21
5 10 1
5 22 86
5 9 68
5 24 194
5 6 98
5 19 81
5 17 54
5 21 46
6 12 599
6 23 1538
6 7 1900
6 25 293
6 15 48
6 4 6756
6 5 98
6 19 152
6 20 578
6 13 217
6 17 4957
6 2 16
6 24 4695
6 11 913
6 1 149
6 21 763
6 18 1360
6 22 62
6 9 1594
6 8 1900
6 14 11312
7 21 1254
7 12 340
7 11 228
7 2 10
7 9 2512
7 16 74
7 13 8
7 15 25
7 18 6185
7 17 83408
7 1 23
7 6 1900
7 20 116
7 24 9353
7 4 17353
7 8 4976
7 14 15437
7 10 7
7 25 2606
7 5 21
7 23 165
8 17 15128
8 21 3003
8 20 88
8 7 4976
8 23 557
8 13 9
8 4 8297
8 12 870
8 25 20
8 6 1900
8 5 28
8 11 189
8 24 1402
8 1 48
8 10 3
8 9 485
8 16 25
8 15 23
8 18 7085
8 14 31492
26 3 373
9 16 2
9 23 555
9 8 485
9 7 2512
9 15 6
9 1 45
9 14 2285
9 25 193
9 13 126
9 11 147
9 18 670
9 17 5470
9 12 158
9 21 249
9 6 1594
9 19 1475
9 4 4774
9 22 1565
9 10 52
9 5 68
9 20 65
9 24 1784
10 14 1
10 8 3
10 7 7
10 5 1
10 9 52
10 17 32
10 24 2
10 4 3
11 23 67
11 16 59
11 9 147
11 13 1
11 7 228
11 21 55
11 6 913
11 12 287
11 15 15
11 25 21
11 8 189
11 4 1547
11 2 4
11 14 2703
11 1 24
11 17 434
11 20 23
11 18 288
11 24 369
12 13 2
12 24 355
12 1 13
12 20 28
12 18 1012
12 5 9
12 25 13
12 11 287
12 15 6
12 4 2267
12 7 340
12 23 185
12 21 489
12 16 3
12 6 599
12 9 158
12 14 5100
12 17 1017
12 8 870
13 17 31
13 12 2
13 1 6499
13 7 8
13 5 127
13 6 217
13 2 3369
13 18 32
13 15 650
13 16 14
13 9 126
13 22 4
13 20 58
13 8 9
13 11 1
13 14 118184
13 21 16
13 4 7302
14 9 2285
14 1 2289
14 5 112
14 4 37320
14 22 78
14 24 6832
14 18 50053
14 23 2026
14 6 11312
14 11 2703
14 10 1
14 17 50622
14 19 193
14 21 22096
14 16 203
14 25 268
14 13 118184
14 7 15437
14 15 1400
14 2 472
14 8 31492
14 20 449
14 12 5100
15 4 165
15 17 70
15 2 4
15 5 10
15 21 33
15 24 15
15 6 48
15 13 650
15 1 63
15 11 15
15 9 6
15 12 6
15 14 1400
15 7 25
15 18 69
15 8 23
15 22 1
16 9 2
16 11 59
16 14 203
16 12 3
16 7 74
16 4 365
16 13 14
16 8 25
16 24 6
16 17 590
16 18 109
17 22 354
17 19 691
17 5 54
17 23 770
17 9 5470
17 6 4957
17 10 32
17 1 38
17 15 70
17 7 83408
17 11 434
17 13 31
17 18 22052
17 24 10215
17 2 2
17 8 15128
17 16 590
17 4 55429
17 21 3976
17 25 1245
17 14 50622
17 20 227
17 12 1017
18 13 32
18 11 288
18 15 69
18 21 4477
18 20 27
18 5 12
18 7 6185
18 8 7085
18 17 22052
18 25 59
18 14 50053
18 12 1012
18 16 109
18 1 19
18 24 769
18 23 105
18 6 1360
18 9 670
18 4 6691
19 22 6534
19 9 1475
19 1 1
19 5 81
19 14 193
19 6 152
19 4 6212
19 24 8
19 17 691
19 23 2360
19 25 35
19 20 52
20 4 1120
20 19 52
20 8 88
20 6 578
20 11 23
20 23 917
20 12 28
20 5 151
20 24 91
20 22 437
20 17 227
20 9 65
20 25 40
20 13 58
20 18 27
20 14 449
20 7 116
20 21 8
20 1 135
21 24 426
21 20 8
21 1 38
21 6 763
21 25 6
21 9 249
21 13 16
21 12 489
21 8 3003
21 17 3976
21 7 1254
21 2 1
21 11 55
21 15 33
21 5 46
21 18 4477
21 23 276
21 14 22096
21 4 2052
22 17 354
22 13 4
22 4 3419
22 5 86
22 9 1565
22 15 1
22 20 437
22 1 16
22 14 78
22 23 1169
22 6 62
22 25 23
22 19 6534
22 24 17
23 17 770
23 11 67
23 24 767
23 25 11
23 20 917
23 22 1169
23 14 2026
23 5 307
23 7 165
23 1 76
23 6 1538
23 12 185
23 4 2976
23 19 2360
23 8 557
23 21 276
23 9 555
23 18 105
24 14 6832
24 8 1402
24 12 355
24 2 5
24 20 91
24 10 2
24 6 4695
24 23 767
24 11 369
24 5 194
24 15 15
24 22 17
24 4 17713
24 18 769
24 19 8
24 7 9353
24 9 1784
24 25 4540
24 21 426
24 1 103
24 17 10215
24 16 6
25 5 59
25 8 20
25 19 35
25 4 3916
25 11 21
25 23 11
25 7 2606
25 24 4540
25 22 23
25 17 1245
25 1 1
25 6 293
25 12 13
25 20 40
25 21 6
25 9 193
25 14 268
25 18 59
