*Vertices  8
1 "24" box
2 "2774" box
3 "2776" box
4 "2777" box
5 "2778" box
6 "2779" box
7 "2780" box
8 "2782" box
*Edges
1 2 200
1 3 155
1 7 167
1 5 1723
1 8 6948
2 1 200
2 3 261
2 7 32
2 5 716
2 8 182
3 1 155
3 8 130
3 7 3
3 2 261
3 5 1044
4 6 2
4 5 14403
5 6 42
5 1 1723
5 3 1044
5 2 716
5 7 55
5 4 14403
5 8 1435
6 5 42
6 4 2
7 1 167
7 8 243
7 5 55
7 3 3
7 2 32
8 7 243
8 3 130
8 5 1435
8 1 6948
8 2 182
