*Vertices  30
1 "21" box
2 "22" box
3 "23" box
4 "24" box
5 "25" box
6 "29" box
7 "32" box
8 "412" box
9 "430" box
10 "2589" box
11 "2590" box
12 "2774" box
13 "2776" box
14 "2777" box
15 "2778" box
16 "2779" box
17 "2780" box
18 "2782" box
19 "2784" box
20 "2785" box
21 "2786" box
22 "2787" box
23 "2789" box
24 "2792" box
25 "2793" box
26 "2794" box
27 "2795" box
28 "2796" box
29 "849" box
30 "493" box
*Edges
1 15 2997
1 10 98
1 27 4
1 6 585
1 2 669
1 21 142
1 24 145
1 12 38
1 5 93
1 8 37
1 25 410
1 23 18
1 28 90
1 4 1179
1 16 76
1 26 31
1 14 9303
1 19 34
1 7 24
1 22 53
1 18 82
1 11 25
1 13 28
1 29 299
1 9 100
1 20 1
2 28 11
2 19 1
2 17 7
2 16 53
2 11 10
2 1 669
2 8 11
2 18 4
2 9 1
2 10 7
2 4 468
2 5 13
2 29 210
2 24 8
2 12 4
2 15 1425
2 22 4
2 14 7135
2 6 86
2 26 7
2 25 42
3 30 3699
3 6 542
4 25 32961
4 11 897
4 28 93
4 24 3859
4 18 55462
4 14 7627
4 5 6208
4 17 365
4 6 10331
4 26 6344
4 1 1179
4 10 5904
4 21 1159
4 27 89
4 9 8297
4 7 1899
4 16 170
4 15 38113
4 23 3466
4 19 6691
4 12 1594
4 20 6249
4 22 2052
4 2 468
4 8 17444
4 29 656
4 13 2449
5 20 237
5 23 235
5 7 75
5 28 9
5 16 17
5 9 108
5 1 93
5 4 6208
5 15 838
5 2 13
5 8 58
5 12 49
5 6 778
5 27 27
5 21 440
5 14 158
5 25 752
5 29 88
5 11 22
5 22 66
5 10 514
5 24 890
5 17 9
5 13 116
5 26 279
5 18 135
5 19 56
6 12 1320
6 19 1921
6 2 86
6 3 542
6 14 1242
6 15 17680
6 4 10331
6 18 5853
6 10 2719
6 29 80
6 1 585
6 27 65
6 11 446
6 16 71
6 24 2722
6 5 778
6 21 708
6 28 114
6 9 2750
6 22 1147
6 7 797
6 26 678
6 13 841
6 17 4
6 30 60
6 23 93
6 8 2378
6 25 12763
6 20 224
7 4 1899
7 18 1774
7 1 24
7 21 6
7 13 34
7 23 26
7 16 5
7 19 98
7 14 19
7 27 3
7 28 4
7 26 2394
7 6 797
7 9 122
7 25 7745
7 8 8175
7 22 55
7 24 284
7 12 34
7 5 75
7 11 212
7 10 353
7 29 26
7 15 754
7 20 40
8 27 71
8 13 340
8 14 8
8 26 7449
8 2 11
8 29 14
8 17 74
8 7 8175
8 25 36812
8 4 17444
8 9 4976
8 6 2378
8 15 15444
8 10 3128
8 1 37
8 19 6185
8 18 83804
8 12 228
8 5 58
8 28 12
8 11 1744
8 21 116
8 16 25
8 24 210
8 22 1254
9 26 47
9 21 88
9 13 870
9 15 31492
9 18 15128
9 24 670
9 12 189
9 2 1
9 6 2750
9 7 122
9 22 3003
9 25 2175
9 10 559
9 1 100
9 29 7
9 19 7085
9 4 8297
9 17 25
9 28 16
9 11 47
9 8 4976
9 5 108
9 16 23
9 27 1
9 14 9
30 6 60
30 3 3699
29 10 77
29 16 7
29 18 28
29 21 1
29 12 17
29 5 88
29 6 80
29 24 339
29 26 25
29 2 210
29 1 299
29 15 1070
29 4 656
29 11 6
29 14 2278
29 17 13
29 25 77
29 7 26
29 13 27
29 9 7
29 8 14
29 19 3
29 20 147
29 28 10
29 23 144
10 22 269
10 21 74
10 5 514
10 27 65
10 25 5441
10 4 5904
10 16 8
10 29 77
10 28 24
10 9 559
10 15 2928
10 14 128
10 13 174
10 24 988
10 18 6526
10 11 1095
10 17 2
10 12 208
10 7 353
10 26 532
10 8 3128
10 19 710
10 6 2719
10 20 1886
10 2 7
10 1 98
10 23 1906
11 18 3044
11 16 3
11 14 262
11 28 5
11 24 48
11 8 1744
11 5 22
11 2 10
11 19 41
11 22 16
11 7 212
11 9 47
11 26 256
11 25 2893
11 21 3
11 6 446
11 12 21
11 1 25
11 4 897
11 13 16
11 29 6
11 10 1095
11 15 318
11 27 7
12 7 34
12 28 10
12 2 4
12 27 2
12 15 2703
12 13 287
12 1 38
12 29 17
12 24 88
12 11 21
12 19 288
12 25 716
12 8 228
12 5 49
12 26 29
12 22 55
12 6 1320
12 9 189
12 18 434
12 4 1594
12 21 23
12 17 59
12 16 15
12 10 208
12 14 1
13 14 2
13 11 16
13 9 870
13 19 1012
13 28 10
13 12 287
13 26 21
13 1 28
13 25 583
13 16 6
13 4 2449
13 15 5100
13 7 34
13 8 340
13 10 174
13 18 1017
13 24 223
13 17 3
13 22 489
13 5 116
13 27 5
13 21 28
13 6 841
13 29 27
14 18 31
14 8 8
14 17 14
14 2 7135
14 1 9303
14 11 262
14 10 128
14 29 2278
14 6 1242
14 22 16
14 7 19
14 9 9
14 16 651
14 21 58
14 25 34
14 4 7627
14 28 115
14 13 2
14 12 1
14 15 118618
14 23 5
14 5 158
14 19 32
15 14 118618
15 20 193
15 17 203
15 24 2693
15 25 12527
15 26 364
15 6 17680
15 8 15444
15 11 318
15 23 78
15 18 50622
15 27 25
15 29 1070
15 9 31492
15 21 449
15 16 1401
15 22 22096
15 28 129
15 13 5100
15 12 2703
15 4 38113
15 2 1425
15 10 2928
15 7 754
15 5 838
15 1 2997
15 19 50053
16 12 15
16 19 69
16 23 1
16 24 1
16 13 6
16 29 7
16 5 17
16 14 651
16 8 25
16 4 170
16 7 5
16 11 3
16 22 33
16 2 53
16 6 71
16 15 1401
16 28 2
16 10 8
16 1 76
16 25 31
16 18 70
16 9 23
17 14 14
17 10 2
17 13 3
17 18 590
17 8 74
17 26 3
17 2 7
17 5 9
17 4 365
17 19 109
17 12 59
17 9 25
17 6 4
17 25 8
17 29 13
17 15 203
18 11 3044
18 1 82
18 14 31
18 26 2628
18 22 3976
18 15 50622
18 10 6526
18 27 34
18 8 83804
18 7 1774
18 17 590
18 29 28
18 28 42
18 21 227
18 24 926
18 6 5853
18 2 4
18 12 434
18 4 55462
18 25 29705
18 13 1017
18 20 691
18 19 22052
18 16 70
18 5 135
18 23 354
18 9 15128
19 6 1921
19 29 3
19 26 74
19 24 143
19 9 7085
19 12 288
19 15 50053
19 2 1
19 8 6185
19 1 34
19 25 1181
19 22 4477
19 4 6691
19 18 22052
19 14 32
19 16 69
19 5 56
19 11 41
19 7 98
19 21 27
19 28 10
19 17 109
19 13 1012
19 10 710
20 24 3319
20 1 1
20 21 52
20 5 237
20 7 40
20 25 82
20 10 1886
20 28 1
20 6 224
20 23 6534
20 15 193
20 29 147
20 18 691
20 4 6249
20 26 45
21 19 27
21 8 116
21 4 1159
21 29 1
21 12 23
21 7 6
21 26 41
21 5 440
21 25 136
21 27 9
21 22 8
21 18 227
21 28 5
21 24 964
21 14 58
21 20 52
21 13 28
21 9 88
21 11 3
21 1 142
21 15 449
21 23 437
21 6 708
21 10 74
22 24 331
22 26 7
22 7 55
22 25 729
22 16 33
22 8 1254
22 21 8
22 4 2052
22 9 3003
22 10 269
22 18 3976
22 19 4477
22 13 489
22 5 66
22 2 4
22 27 14
22 14 16
22 1 53
22 11 16
22 15 22096
22 12 55
22 6 1147
22 28 6
23 21 437
23 29 144
23 20 6534
23 26 31
23 1 18
23 15 78
23 24 1853
23 16 1
23 10 1906
23 7 26
23 5 235
23 14 5
23 4 3466
23 18 354
23 6 93
23 25 54
24 10 988
24 6 2722
24 11 48
24 28 7
24 9 670
24 5 890
24 19 143
24 21 964
24 27 3
24 2 8
24 15 2693
24 4 3859
24 12 88
24 16 1
24 8 210
24 18 926
24 22 331
24 1 145
24 20 3319
24 29 339
24 25 2458
24 7 284
24 26 85
24 13 223
24 23 1853
25 5 752
25 1 410
25 7 7745
25 15 12527
25 11 2893
25 12 716
25 14 34
25 16 31
25 17 8
25 9 2175
25 18 29705
25 6 12763
25 27 124
25 22 729
25 13 583
25 28 106
25 10 5441
25 29 77
25 26 15475
25 19 1181
25 24 2458
25 20 82
25 2 42
25 21 136
25 23 54
25 8 36812
25 4 32961
26 19 74
26 7 2394
26 18 2628
26 1 31
26 6 678
26 4 6344
26 20 45
26 29 25
26 8 7449
26 21 41
26 12 29
26 23 31
26 9 47
26 2 7
26 28 11
26 5 279
26 10 532
26 13 21
26 17 3
26 22 7
26 27 12
26 15 364
26 24 85
26 25 15475
26 11 256
27 15 25
27 11 7
27 25 124
27 18 34
27 6 65
27 13 5
27 5 27
27 12 2
27 9 1
27 21 9
27 26 12
27 22 14
27 7 3
27 4 89
27 1 4
27 24 3
27 10 65
27 8 71
28 19 10
28 12 10
28 14 115
28 5 9
28 10 24
28 29 10
28 4 93
28 20 1
28 9 16
28 16 2
28 8 12
28 6 114
28 22 6
28 13 10
28 15 129
28 1 90
28 26 11
28 18 42
28 2 11
28 11 5
28 7 4
28 24 7
28 21 5
28 25 106
