*Vertices  9
1 "24" box
2 "2774" box
3 "2776" box
4 "2777" box
5 "2778" box
6 "2779" box
7 "2780" box
8 "2782" box
9 "2784" box
*Edges
1 7 281
1 3 712
1 8 22568
1 4 354
1 5 6192
1 2 455
1 6 5
1 9 1158
2 1 455
2 7 59
2 8 338
2 3 287
2 5 868
2 9 93
3 1 712
3 2 287
3 8 778
3 7 3
3 9 175
3 5 1514
4 5 28395
4 6 8
4 1 354
5 3 1514
5 1 6192
5 7 73
5 4 28395
5 6 102
5 2 868
5 9 2867
5 8 12053
6 1 5
6 4 8
6 5 102
7 5 73
7 3 3
7 9 9
7 8 467
7 2 59
7 1 281
8 2 338
8 3 778
8 5 12053
8 1 22568
8 7 467
8 9 5292
9 5 2867
9 3 175
9 2 93
9 7 9
9 1 1158
9 8 5292
