*Vertices  8
1 "24" box
2 "2774" box
3 "2776" box
4 "2777" box
5 "2778" box
6 "2779" box
7 "2780" box
8 "2782" box
*Edges
1 2 265
1 3 300
1 7 243
1 5 3262
1 8 12826
2 1 265
2 3 261
2 7 59
2 5 748
2 8 240
3 1 300
3 8 380
3 7 3
3 2 261
3 5 1158
4 6 4
4 5 17979
5 6 72
5 1 3262
5 3 1158
5 2 748
5 7 72
5 4 17979
5 8 5052
6 5 72
6 4 4
7 1 243
7 8 390
7 5 72
7 3 3
7 2 59
8 7 390
8 3 380
8 5 5052
8 1 12826
8 2 240
