*Vertices  17
1 "24" box
2 "412" box
3 "430" box
4 "2589" box
5 "2774" box
6 "2776" box
7 "2777" box
8 "2778" box
9 "2779" box
10 "2780" box
11 "2782" box
12 "2784" box
13 "2785" box
14 "2786" box
15 "2787" box
16 "2789" box
17 "2792" box
*Edges
1 3 6155
1 4 343
1 8 24342
1 5 1126
1 15 1579
1 17 94
1 7 2939
1 11 49267
1 13 5892
1 14 390
1 2 11928
1 16 2949
1 9 20
1 12 5859
1 10 360
1 6 1811
2 12 6185
2 5 227
2 6 340
2 9 3
2 8 15422
2 1 11928
2 10 74
2 7 8
2 17 29
2 14 16
2 15 1253
2 11 83223
2 3 4976
3 8 31486
3 17 44
3 10 25
3 15 3003
3 14 63
3 1 6155
3 12 7085
3 5 189
3 11 15128
3 7 9
3 2 4976
3 6 870
4 8 10
4 13 974
4 14 3
4 1 343
4 11 44
4 16 1076
5 14 4
5 15 55
5 9 4
5 1 1126
5 11 434
5 3 189
5 12 288
5 8 2688
5 10 59
5 7 1
5 2 227
5 6 287
6 15 489
6 1 1811
6 7 2
6 5 287
6 12 1012
6 3 870
6 11 1017
6 2 340
6 14 16
6 10 3
6 8 5100
7 9 441
7 2 8
7 14 58
7 12 32
7 8 107326
7 1 2939
7 10 14
7 11 31
7 5 1
7 3 9
7 15 16
7 6 2
7 16 4
8 7 107326
8 1 24342
8 15 22096
8 17 2
8 11 50599
8 2 15422
8 13 193
8 10 203
8 4 10
8 9 381
8 14 273
8 3 31486
8 6 5100
8 5 2688
8 16 71
8 12 50027
9 15 1
9 2 3
9 8 381
9 16 1
9 1 20
9 7 441
9 5 4
10 3 25
10 8 203
10 12 109
10 7 14
10 5 59
10 11 590
10 2 74
10 1 360
10 6 3
11 6 1017
11 2 83223
11 12 22052
11 7 31
11 1 49267
11 15 3976
11 4 44
11 14 56
11 8 50599
11 17 292
11 3 15128
11 13 691
11 5 434
11 16 350
11 10 590
12 1 5859
12 3 7085
12 5 288
12 14 6
12 2 6185
12 8 50027
12 10 109
12 11 22052
12 15 4477
12 7 32
12 6 1012
13 8 193
13 16 6406
13 4 974
13 1 5892
13 11 691
13 14 52
14 11 56
14 4 3
14 3 63
14 2 16
14 6 16
14 5 4
14 8 273
14 13 52
14 15 2
14 7 58
14 12 6
14 16 279
14 1 390
15 5 55
15 11 3976
15 2 1253
15 6 489
15 9 1
15 1 1579
15 3 3003
15 12 4477
15 14 2
15 7 16
15 8 22096
16 1 2949
16 7 4
16 9 1
16 4 1076
16 11 350
16 8 71
16 13 6406
16 14 279
17 1 94
17 3 44
17 8 2
17 2 29
17 11 292
