*Vertices  16
1 "24" box
2 "412" box
3 "430" box
4 "2589" box
5 "2774" box
6 "2776" box
7 "2777" box
8 "2778" box
9 "2779" box
10 "2780" box
11 "2782" box
12 "2784" box
13 "2785" box
14 "2786" box
15 "2787" box
16 "2789" box
*Edges
1 11 47738
1 14 316
1 2 9713
1 6 1559
1 10 339
1 7 2347
1 5 975
1 4 309
1 12 5688
1 15 1469
1 16 1967
1 3 5669
1 8 22099
1 13 5777
1 9 13
2 15 1253
2 1 9713
2 11 83201
2 3 4976
2 6 340
2 10 74
2 5 227
2 12 6185
2 8 15422
3 5 189
3 8 31486
3 14 45
3 10 25
3 15 3002
3 1 5669
3 2 4976
3 11 15128
3 12 7085
3 6 870
4 1 309
4 13 738
4 8 10
4 16 480
4 11 41
5 8 2688
5 3 189
5 1 975
5 12 288
5 2 227
5 15 55
5 10 59
5 14 2
5 6 287
5 11 434
6 8 5100
6 11 1017
6 3 870
6 2 340
6 15 489
6 1 1559
6 12 1012
6 5 287
6 10 3
7 14 58
7 9 236
7 1 2347
7 8 90539
7 10 14
8 2 15422
8 10 203
8 6 5100
8 16 47
8 7 90539
8 9 353
8 3 31486
8 4 10
8 14 237
8 13 193
8 15 22096
8 5 2688
8 12 50027
8 1 22099
8 11 50598
9 7 236
9 1 13
9 8 353
10 3 25
10 2 74
10 12 109
10 6 3
10 1 339
10 7 14
10 8 203
10 5 59
10 11 590
11 16 234
11 12 22052
11 13 691
11 10 590
11 5 434
11 6 1017
11 8 50598
11 2 83201
11 15 3976
11 1 47738
11 4 41
11 3 15128
12 10 109
12 8 50027
12 5 288
12 15 4477
12 1 5688
12 2 6185
12 6 1012
12 11 22052
12 3 7085
13 4 738
13 1 5777
13 8 193
13 16 4467
13 11 691
14 7 58
14 3 45
14 1 316
14 5 2
14 16 255
14 8 237
15 3 3002
15 12 4477
15 8 22096
15 6 489
15 2 1253
15 5 55
15 11 3976
15 1 1469
16 13 4467
16 11 234
16 1 1967
16 14 255
16 8 47
16 4 480
