*Vertices  9
1 "24" box
2 "2774" box
3 "2776" box
4 "2777" box
5 "2778" box
6 "2779" box
7 "2780" box
8 "2782" box
9 "2784" box
*Edges
1 7 293
1 3 731
1 8 25184
1 4 453
1 5 6527
1 2 477
1 6 6
1 9 2075
2 1 477
2 7 59
2 8 357
2 3 287
2 5 910
2 9 133
3 1 731
3 2 287
3 8 847
3 7 3
3 9 280
3 5 1604
4 5 29012
4 6 8
4 1 453
5 3 1604
5 1 6527
5 7 73
5 4 29012
5 6 109
5 2 910
5 9 4770
5 8 13832
6 1 6
6 4 8
6 5 109
7 5 73
7 3 3
7 9 82
7 8 525
7 2 59
7 1 293
8 2 357
8 3 847
8 5 13832
8 1 25184
8 7 525
8 9 9274
9 5 4770
9 3 280
9 2 133
9 7 82
9 1 2075
9 8 9274
