*Vertices  10
1 "189" box
2 "671" box
3 "693" box
4 "694" box
5 "695" box
6 "610" box
7 "1449" box
8 "1702" box
9 "319" box
10 "1705" box
*Edges
1 4 300
1 5 263
1 6 2
1 3 32259
1 2 318
1 8 3001
1 7 1724
1 10 30
9 6 46012
9 10 49
9 2 389
6 5 60
6 4 67
6 10 75
6 2 552
6 1 2
6 3 87
6 9 46012
2 9 389
2 10 1843
2 1 318
2 4 9552
2 6 552
2 3 15538
2 5 10404
3 2 15538
3 1 32259
3 8 23919
3 4 13033
3 5 16119
3 6 87
3 10 1524
3 7 11290
4 3 13033
4 10 982
4 2 9552
4 6 67
4 5 10232
4 1 300
5 10 1007
5 6 60
5 3 16119
5 2 10404
5 1 263
5 4 10232
7 1 1724
7 3 11290
7 8 1890
8 3 23919
8 1 3001
8 7 1890
10 9 49
10 4 982
10 6 75
10 3 1524
10 1 30
10 5 1007
10 2 1843
