*Vertices  10
1 "189" box
2 "671" box
3 "693" box
4 "694" box
5 "695" box
6 "610" box
7 "1449" box
8 "1702" box
9 "319" box
10 "1705" box
*Edges
1 2 214
1 7 1724
1 3 32259
1 8 3001
1 4 300
1 10 6
1 5 263
9 6 41851
6 9 41851
2 1 214
2 3 10242
2 4 6350
2 5 6991
2 10 243
3 4 13033
3 1 32259
3 2 10242
3 7 11290
3 5 16119
3 10 460
3 8 23919
4 5 10232
4 3 13033
4 1 300
4 10 217
4 2 6350
5 1 263
5 10 271
5 4 10232
5 2 6991
5 3 16119
7 8 1890
7 3 11290
7 1 1724
8 3 23919
8 7 1890
8 1 3001
10 5 271
10 2 243
10 4 217
10 1 6
10 3 460
