*Vertices  10
1 "189" box
2 "671" box
3 "693" box
4 "694" box
5 "695" box
6 "610" box
7 "1449" box
8 "1702" box
9 "319" box
10 "1705" box
*Edges
1 4 300
1 5 263
1 6 2
1 3 32259
1 2 318
1 8 3001
1 7 1724
1 10 31
9 6 46191
9 10 50
9 2 395
6 5 88
6 4 82
6 10 82
6 2 608
6 1 2
6 3 143
6 9 46191
2 9 395
2 10 1958
2 1 318
2 4 9560
2 6 608
2 3 15630
2 5 10471
3 2 15630
3 1 32259
3 8 23919
3 4 13033
3 5 16119
3 6 143
3 10 1655
3 7 11290
4 3 13033
4 10 1009
4 2 9560
4 6 82
4 5 10232
4 1 300
5 10 1063
5 6 88
5 3 16119
5 2 10471
5 1 263
5 4 10232
7 1 1724
7 3 11290
7 8 1890
8 3 23919
8 1 3001
8 7 1890
10 9 50
10 4 1009
10 6 82
10 3 1655
10 1 31
10 5 1063
10 2 1958
