*Vertices  10
1 "189" box
2 "671" box
3 "693" box
4 "694" box
5 "695" box
6 "610" box
7 "1449" box
8 "1702" box
9 "319" box
10 "1705" box
*Edges
1 3 32259
1 8 3001
1 5 263
1 4 300
1 2 214
1 7 1724
9 6 41487
6 9 41487
2 1 214
2 4 6347
2 10 41
2 3 10173
2 5 6912
3 1 32259
3 2 10173
3 4 13033
3 5 16119
3 7 11290
3 8 23919
3 10 114
4 5 10232
4 3 13033
4 10 17
4 1 300
4 2 6347
5 2 6912
5 1 263
5 3 16119
5 10 54
5 4 10232
7 1 1724
7 8 1890
7 3 11290
8 1 3001
8 7 1890
8 3 23919
10 3 114
10 4 17
10 2 41
10 5 54
