*Vertices  10
1 "189" box
2 "671" box
3 "693" box
4 "694" box
5 "695" box
6 "610" box
7 "1449" box
8 "1702" box
9 "319" box
10 "1705" box
*Edges
1 2 229
1 7 1724
1 3 32259
1 8 3001
1 4 300
1 10 10
1 5 263
9 6 43172
6 9 43172
2 1 229
2 3 10947
2 4 6796
2 5 7486
2 10 414
3 4 13033
3 1 32259
3 2 10947
3 7 11290
3 5 16119
3 10 645
3 8 23919
4 5 10232
4 3 13033
4 1 300
4 10 340
4 2 6796
5 1 263
5 10 393
5 4 10232
5 2 7486
5 3 16119
7 8 1890
7 3 11290
7 1 1724
8 3 23919
8 7 1890
8 1 3001
10 5 393
10 2 414
10 4 340
10 1 10
10 3 645
