*Vertices  10
1 "189" box
2 "671" box
3 "693" box
4 "694" box
5 "695" box
6 "610" box
7 "1449" box
8 "1702" box
9 "319" box
10 "1705" box
*Edges
1 2 277
1 7 1724
1 3 32259
1 8 3001
1 4 300
1 10 30
1 5 263
9 6 44337
6 9 44337
2 1 277
2 3 13596
2 4 8318
2 5 9117
2 10 1481
3 4 13033
3 1 32259
3 2 13596
3 7 11290
3 5 16119
3 10 1467
3 8 23919
4 5 10232
4 3 13033
4 1 300
4 10 951
4 2 8318
5 1 263
5 10 963
5 4 10232
5 2 9117
5 3 16119
7 8 1890
7 3 11290
7 1 1724
8 3 23919
8 7 1890
8 1 3001
10 5 963
10 2 1481
10 4 951
10 1 30
10 3 1467
