*Vertices  10
1 "189" box
2 "671" box
3 "693" box
4 "694" box
5 "695" box
6 "610" box
7 "1449" box
8 "1702" box
9 "319" box
10 "1705" box
*Edges
1 4 300
1 5 263
1 6 2
1 3 32259
1 2 330
1 8 3001
1 7 1724
1 10 43
9 6 47181
9 10 52
9 2 512
6 5 149
6 4 117
6 10 161
6 2 1105
6 1 2
6 3 229
6 9 47181
2 9 512
2 10 2591
2 1 330
2 4 10143
2 6 1105
2 3 16311
2 5 11071
3 2 16311
3 1 32259
3 8 23919
3 4 13033
3 5 16119
3 6 229
3 10 2231
3 7 11290
4 3 13033
4 10 1402
4 2 10143
4 6 117
4 5 10232
4 1 300
5 10 1457
5 6 149
5 3 16119
5 2 11071
5 1 263
5 4 10232
7 1 1724
7 3 11290
7 8 1890
8 3 23919
8 1 3001
8 7 1890
10 9 52
10 4 1402
10 6 161
10 3 2231
10 1 43
10 5 1457
10 2 2591
