*Vertices  10
1 "189" box
2 "671" box
3 "693" box
4 "694" box
5 "695" box
6 "610" box
7 "1449" box
8 "1702" box
9 "319" box
10 "1705" box
*Edges
1 5 263
1 8 3001
1 4 300
1 2 303
1 7 1724
1 10 30
1 3 32259
9 6 44885
9 2 6
6 2 128
6 9 44885
2 5 9991
2 1 303
2 3 14938
2 6 128
2 9 6
2 4 9115
2 10 1762
3 4 13033
3 1 32259
3 2 14938
3 7 11290
3 10 1509
3 5 16119
3 8 23919
4 2 9115
4 10 968
4 3 13033
4 1 300
4 5 10232
5 10 996
5 2 9991
5 3 16119
5 1 263
5 4 10232
7 8 1890
7 1 1724
7 3 11290
8 1 3001
8 7 1890
8 3 23919
10 4 968
10 5 996
10 2 1762
10 3 1509
10 1 30
