*Vertices  10
1 "189" box
2 "671" box
3 "693" box
4 "694" box
5 "695" box
6 "610" box
7 "1449" box
8 "1702" box
9 "319" box
10 "1705" box
*Edges
1 4 300
1 5 263
1 6 2
1 3 32259
1 2 318
1 8 3001
1 7 1724
1 10 33
9 6 46722
9 10 52
9 2 481
6 5 88
6 4 82
6 10 140
6 2 815
6 1 2
6 3 143
6 9 46722
2 9 481
2 10 2083
2 1 318
2 4 9603
2 6 815
2 3 15713
2 5 10554
3 2 15713
3 1 32259
3 8 23919
3 4 13033
3 5 16119
3 6 143
3 10 1743
3 7 11290
4 3 13033
4 10 1077
4 2 9603
4 6 82
4 5 10232
4 1 300
5 10 1127
5 6 88
5 3 16119
5 2 10554
5 1 263
5 4 10232
7 1 1724
7 3 11290
7 8 1890
8 3 23919
8 1 3001
8 7 1890
10 9 52
10 4 1077
10 6 140
10 3 1743
10 1 33
10 5 1127
10 2 2083
