*Vertices  9
1 "189" box
2 "671" box
3 "693" box
4 "694" box
5 "695" box
6 "610" box
7 "1449" box
8 "1702" box
9 "319" box
*Edges
1 4 300
1 3 32259
1 2 16
1 5 263
1 7 1724
1 8 3001
9 6 10460
6 9 10460
2 3 916
2 5 639
2 4 512
2 1 16
3 5 16119
3 1 32259
3 8 23919
3 7 11290
3 2 916
3 4 13033
4 2 512
4 5 10232
4 3 13033
4 1 300
5 1 263
5 2 639
5 3 16119
5 4 10232
7 1 1724
7 3 11290
7 8 1890
8 3 23919
8 7 1890
8 1 3001
