*Vertices  10
1 "189" box
2 "671" box
3 "693" box
4 "694" box
5 "695" box
6 "610" box
7 "1449" box
8 "1702" box
9 "319" box
10 "1705" box
*Edges
1 7 1724
1 4 300
1 2 313
1 8 3001
1 3 32259
1 5 263
1 10 30
9 2 238
9 10 39
9 6 45480
6 10 53
6 9 45480
6 2 367
2 3 15330
2 5 10274
2 1 313
2 4 9420
2 10 1812
2 9 238
2 6 367
3 1 32259
3 2 15330
3 10 1509
3 4 13033
3 7 11290
3 8 23919
3 5 16119
4 1 300
4 5 10232
4 2 9420
4 3 13033
4 10 968
5 3 16119
5 10 996
5 4 10232
5 1 263
5 2 10274
7 1 1724
7 3 11290
7 8 1890
8 3 23919
8 1 3001
8 7 1890
10 9 39
10 6 53
10 4 968
10 2 1812
10 3 1509
10 5 996
10 1 30
