*Vertices  10
1 "189" box
2 "671" box
3 "693" box
4 "694" box
5 "695" box
6 "610" box
7 "1449" box
8 "1702" box
9 "319" box
10 "1705" box
*Edges
1 2 276
1 7 1724
1 3 32259
1 8 3001
1 4 300
1 10 30
1 5 263
9 6 44292
6 9 44292
2 1 276
2 3 13572
2 4 8310
2 5 9104
2 10 1445
3 4 13033
3 1 32259
3 2 13572
3 7 11290
3 5 16119
3 10 1415
3 8 23919
4 5 10232
4 3 13033
4 1 300
4 10 942
4 2 8310
5 1 263
5 10 938
5 4 10232
5 2 9104
5 3 16119
7 8 1890
7 3 11290
7 1 1724
8 3 23919
8 7 1890
8 1 3001
10 5 938
10 2 1445
10 4 942
10 1 30
10 3 1415
