*Vertices  10
1 "189" box
2 "671" box
3 "693" box
4 "694" box
5 "695" box
6 "610" box
7 "1449" box
8 "1702" box
9 "319" box
10 "1705" box
*Edges
1 2 225
1 7 1724
1 3 32259
1 8 3001
1 4 300
1 10 6
1 5 263
9 6 42569
6 9 42569
2 1 225
2 3 10695
2 4 6659
2 5 7339
2 10 285
3 4 13033
3 1 32259
3 2 10695
3 7 11290
3 5 16119
3 10 491
3 8 23919
4 5 10232
4 3 13033
4 1 300
4 10 222
4 2 6659
5 1 263
5 10 284
5 4 10232
5 2 7339
5 3 16119
7 8 1890
7 3 11290
7 1 1724
8 3 23919
8 7 1890
8 1 3001
10 5 284
10 2 285
10 4 222
10 1 6
10 3 491
