*Vertices  9
1 "172" box
2 "392" box
3 "2106" box
4 "2107" box
5 "2699" box
6 "2762" box
7 "2763" box
8 "2765" box
9 "2766" box
*Edges
1 9 1
1 7 24855
1 3 20865
1 5 11223
1 9 3769
1 4 40652
1 8 1444
1 2 5700
1 6 60625
2 1 5700
2 3 127
2 5 8
3 4 981
3 2 127
3 1 20865
3 7 324
3 6 1379
3 8 8
3 9 188
3 5 53
4 3 981
4 9 450
4 6 3614
4 5 142
4 8 24
4 1 40652
4 7 623
5 7 56
5 1 11223
5 3 53
5 4 142
5 9 3
5 6 240
5 2 8
6 1 60625
6 7 1265
6 3 1379
6 4 3614
6 9 434
6 5 240
7 3 324
7 1 24855
7 6 1265
7 9 64
7 5 56
7 4 623
8 3 8
8 4 24
8 1 1444
9 7 64
9 4 450
9 3 188
9 6 434
9 5 3
9 1 3769
9 1 1
