*Vertices  9
1 "172" box
2 "392" box
3 "2106" box
4 "2107" box
5 "2699" box
6 "2762" box
7 "2763" box
8 "2765" box
9 "2766" box
*Edges
1 7 22417
1 4 15646
1 6 56082
1 2 2505
1 9 1375
1 3 14588
1 5 9329
1 8 854
2 3 16
2 1 2505
3 5 31
3 8 6
3 6 1169
3 7 290
3 1 14588
3 9 32
3 2 16
3 4 418
4 8 4
4 1 15646
4 6 1718
4 9 64
4 5 44
4 7 254
4 3 418
5 4 44
5 1 9329
5 6 214
5 3 31
5 7 54
5 9 1
6 3 1169
6 9 95
6 5 214
6 7 1235
6 4 1718
6 1 56082
7 9 23
7 5 54
7 1 22417
7 6 1235
7 4 254
7 3 290
8 1 854
8 4 4
8 3 6
9 4 64
9 5 1
9 1 1375
9 3 32
9 7 23
9 6 95
