*Vertices  8
1 "172" box
2 "2106" box
3 "2107" box
4 "2699" box
5 "2762" box
6 "2763" box
7 "2765" box
8 "2766" box
*Edges
1 6 18974
1 3 3539
1 7 297
1 4 7516
1 2 6360
1 8 2
1 5 49308
2 1 6360
2 7 6
2 5 814
2 3 71
2 4 24
2 6 108
3 6 63
3 2 71
3 1 3539
3 4 23
3 5 462
4 2 24
4 1 7516
4 5 199
4 6 50
4 3 23
5 6 1103
5 3 462
5 1 49308
5 2 814
5 4 199
6 3 63
6 1 18974
6 5 1103
6 4 50
6 2 108
7 1 297
7 2 6
8 1 2
