*Vertices  9
1 "172" box
2 "392" box
3 "2106" box
4 "2107" box
5 "2699" box
6 "2762" box
7 "2763" box
8 "2765" box
9 "2766" box
*Edges
1 2 2339
1 7 20086
1 5 8487
1 8 466
1 4 9185
1 3 9943
1 9 41
1 6 52636
2 1 2339
2 3 16
3 8 6
3 1 9943
3 5 27
3 2 16
3 9 2
3 6 1100
3 7 242
3 4 224
4 7 141
4 9 13
4 5 28
4 3 224
4 1 9185
4 8 2
4 6 1108
5 6 214
5 1 8487
5 7 52
5 4 28
5 3 27
5 9 1
6 1 52636
6 4 1108
6 3 1100
6 7 1104
6 5 214
7 3 242
7 1 20086
7 6 1104
7 9 1
7 5 52
7 4 141
8 3 6
8 4 2
8 1 466
9 1 41
9 7 1
9 5 1
9 3 2
9 4 13
