*Vertices  9
1 "172" box
2 "392" box
3 "2106" box
4 "2107" box
5 "2699" box
6 "2762" box
7 "2763" box
8 "2765" box
9 "2766" box
*Edges
1 3 16114
1 5 10355
1 6 57333
1 9 1932
1 2 3601
1 4 23828
1 7 22869
1 8 876
2 5 8
2 3 40
2 1 3601
3 8 6
3 4 643
3 9 49
3 7 291
3 6 1193
3 1 16114
3 2 40
3 5 41
4 6 2569
4 8 12
4 1 23828
4 9 137
4 3 643
4 5 122
4 7 377
5 1 10355
5 7 56
5 4 122
5 6 237
5 9 3
5 2 8
5 3 41
6 3 1193
6 9 142
6 1 57333
6 5 237
6 7 1235
6 4 2569
7 1 22869
7 3 291
7 5 56
7 4 377
7 9 31
7 6 1235
8 4 12
8 3 6
8 1 876
9 1 1932
9 7 31
9 4 137
9 6 142
9 5 3
9 3 49
