*Vertices  6
1 "172" box
2 "2106" box
3 "2107" box
4 "2699" box
5 "2762" box
6 "2763" box
*Edges
1 2 1685
1 3 1620
1 4 5091
1 5 39013
1 6 14640
2 1 1685
2 4 1
2 5 220
2 6 26
2 3 6
3 6 25
3 2 6
3 5 222
3 1 1620
4 6 47
4 2 1
4 5 172
4 1 5091
5 4 172
5 1 39013
5 2 220
5 3 222
5 6 1049
6 1 14640
6 2 26
6 3 25
6 4 47
6 5 1049
