*Vertices  7
1 "172" box
2 "2106" box
3 "2107" box
4 "2699" box
5 "2762" box
6 "2763" box
7 "2765" box
*Edges
1 3 2344
1 2 4601
1 4 6833
1 5 46411
1 6 18266
2 4 4
2 3 29
2 5 663
2 1 4601
2 6 91
3 2 29
3 1 2344
3 4 22
3 6 39
3 5 281
4 2 4
4 1 6833
4 3 22
4 6 49
4 5 184
5 1 46411
5 6 1101
5 2 663
5 4 184
5 3 281
6 1 18266
6 2 91
6 3 39
6 5 1101
6 4 49
