*Vertices  7
1 "172" box
2 "2106" box
3 "2107" box
4 "2699" box
5 "2762" box
6 "2763" box
7 "2765" box
*Edges
1 2 4501
1 3 1994
1 4 6691
1 5 45899
1 6 18039
2 1 4501
2 4 4
2 5 656
2 6 88
2 3 21
3 6 26
3 2 21
3 5 222
3 1 1994
4 6 49
4 2 4
4 5 184
4 1 6691
5 4 184
5 1 45899
5 2 656
5 3 222
5 6 1101
6 1 18039
6 2 88
6 3 26
6 4 49
6 5 1101
