*Vertices  9
1 "172" box
2 "392" box
3 "2106" box
4 "2107" box
5 "2699" box
6 "2762" box
7 "2763" box
8 "2765" box
9 "2766" box
*Edges
1 3 20505
1 5 11144
1 6 60305
1 9 3703
1 2 5621
1 4 40360
1 7 24394
1 8 1443
2 5 8
2 3 119
2 1 5621
3 8 8
3 4 981
3 9 188
3 7 318
3 6 1379
3 1 20505
3 2 119
3 5 51
4 6 3614
4 8 22
4 1 40360
4 9 450
4 3 981
4 5 137
4 7 600
5 1 11144
5 7 56
5 4 137
5 6 240
5 9 3
5 2 8
5 3 51
6 3 1379
6 9 434
6 1 60305
6 5 240
6 7 1235
6 4 3614
7 1 24394
7 3 318
7 5 56
7 4 600
7 9 62
7 6 1235
8 4 22
8 3 8
8 1 1443
9 1 3703
9 7 62
9 4 450
9 6 434
9 5 3
9 3 188
