*Vertices  9
1 "172" box
2 "392" box
3 "2106" box
4 "2107" box
5 "2699" box
6 "2762" box
7 "2763" box
8 "2765" box
9 "2766" box
*Edges
1 3 17252
1 5 10448
1 6 58533
1 9 3187
1 2 5219
1 4 29427
1 7 23218
1 8 1111
2 5 8
2 3 56
2 1 5219
3 8 8
3 4 764
3 9 130
3 7 295
3 6 1232
3 1 17252
3 2 56
3 5 43
4 6 3000
4 8 20
4 1 29427
4 9 335
4 3 764
4 5 127
4 7 466
5 1 10448
5 7 56
5 4 127
5 6 237
5 9 3
5 2 8
5 3 43
6 3 1232
6 9 375
6 1 58533
6 5 237
6 7 1235
6 4 3000
7 1 23218
7 3 295
7 5 56
7 4 466
7 9 55
7 6 1235
8 4 20
8 3 8
8 1 1111
9 1 3187
9 7 55
9 4 335
9 6 375
9 5 3
9 3 130
