*Vertices  7
1 "172" box
2 "2106" box
3 "2107" box
4 "2699" box
5 "2762" box
6 "2763" box
7 "2765" box
*Edges
1 2 5145
1 3 2707
1 6 18650
1 4 7161
1 5 47481
1 7 150
2 4 6
2 5 675
2 6 94
2 1 5145
2 3 37
3 2 37
3 4 22
3 5 316
3 1 2707
3 6 46
4 1 7161
4 6 50
4 3 22
4 5 192
4 2 6
5 4 192
5 1 47481
5 2 675
5 3 316
5 6 1103
6 1 18650
6 3 46
6 2 94
6 5 1103
6 4 50
7 1 150
