*Vertices  9
1 "172" box
2 "392" box
3 "2106" box
4 "2107" box
5 "2699" box
6 "2762" box
7 "2763" box
8 "2765" box
9 "2766" box
*Edges
1 7 22628
1 4 21320
1 6 56537
1 2 2522
1 9 1886
1 3 14923
1 5 9347
1 8 862
2 3 24
2 1 2522
3 5 31
3 8 6
3 6 1169
3 7 290
3 1 14923
3 9 49
3 2 24
3 4 595
4 8 12
4 1 21320
4 6 2349
4 9 121
4 5 73
4 7 347
4 3 595
5 4 73
5 1 9347
5 6 214
5 3 31
5 7 54
5 9 2
6 3 1169
6 9 142
6 5 214
6 7 1235
6 4 2349
6 1 56537
7 9 31
7 5 54
7 1 22628
7 6 1235
7 4 347
7 3 290
8 1 862
8 4 12
8 3 6
9 4 121
9 5 2
9 1 1886
9 3 49
9 7 31
9 6 142
