*Vertices  9
1 "172" box
2 "392" box
3 "2106" box
4 "2107" box
5 "2699" box
6 "2762" box
7 "2763" box
8 "2765" box
9 "2766" box
*Edges
1 7 21401
1 4 11017
1 6 55372
1 2 2503
1 9 407
1 3 12208
1 5 9197
1 8 814
2 3 16
2 1 2503
3 5 27
3 8 6
3 6 1129
3 7 250
3 1 12208
3 9 15
3 2 16
3 4 277
4 8 2
4 1 11017
4 6 1282
4 9 32
4 5 30
4 7 168
4 3 277
5 4 30
5 1 9197
5 6 214
5 3 27
5 7 52
5 9 1
6 3 1129
6 9 39
6 5 214
6 7 1104
6 4 1282
6 1 55372
7 9 8
7 5 52
7 1 21401
7 6 1104
7 4 168
7 3 250
8 1 814
8 4 2
8 3 6
9 4 32
9 5 1
9 1 407
9 3 15
9 7 8
9 6 39
