*Vertices  9
1 "172" box
2 "392" box
3 "2106" box
4 "2107" box
5 "2699" box
6 "2762" box
7 "2763" box
8 "2765" box
9 "2766" box
*Edges
1 3 19047
1 5 10988
1 6 59974
1 9 3653
1 2 5371
1 4 37991
1 7 24289
1 8 1443
2 5 8
2 3 64
2 1 5371
3 8 8
3 4 841
3 9 151
3 7 295
3 6 1232
3 1 19047
3 2 64
3 5 44
4 6 3427
4 8 22
4 1 37991
4 9 440
4 3 841
4 5 132
4 7 562
5 1 10988
5 7 56
5 4 132
5 6 237
5 9 3
5 2 8
5 3 44
6 3 1232
6 9 434
6 1 59974
6 5 237
6 7 1235
6 4 3427
7 1 24289
7 3 295
7 5 56
7 4 562
7 9 62
7 6 1235
8 4 22
8 3 8
8 1 1443
9 1 3653
9 7 62
9 4 440
9 6 434
9 5 3
9 3 151
