*Vertices  6
1 "172" box
2 "2106" box
3 "2107" box
4 "2699" box
5 "2762" box
6 "2763" box
*Edges
1 2 2597
1 3 1905
1 4 6454
1 5 44102
1 6 17136
2 1 2597
2 4 2
2 5 347
2 6 34
2 3 11
3 6 26
3 2 11
3 5 222
3 1 1905
4 6 49
4 2 2
4 5 184
4 1 6454
5 4 184
5 1 44102
5 2 347
5 3 222
5 6 1086
6 1 17136
6 2 34
6 3 26
6 4 49
6 5 1086
