*Vertices  7
1 "172" box
2 "2106" box
3 "2107" box
4 "2699" box
5 "2762" box
6 "2763" box
7 "2765" box
*Edges
1 2 5517
1 3 2833
1 6 18839
1 4 7431
1 5 48391
1 7 276
2 4 6
2 5 675
2 6 95
2 1 5517
2 3 38
3 2 38
3 4 23
3 5 324
3 1 2833
3 6 53
4 1 7431
4 6 50
4 3 23
4 5 199
4 2 6
5 4 199
5 1 48391
5 2 675
5 3 324
5 6 1103
6 1 18839
6 3 53
6 2 95
6 5 1103
6 4 50
7 1 276
