*Vertices  9
1 "172" box
2 "392" box
3 "2106" box
4 "2107" box
5 "2699" box
6 "2762" box
7 "2763" box
8 "2765" box
9 "2766" box
*Edges
1 3 16443
1 5 10378
1 6 57620
1 9 1932
1 2 4672
1 4 24095
1 7 22940
1 8 1068
2 5 8
2 3 56
2 1 4672
3 8 8
3 4 645
3 9 49
3 7 291
3 6 1193
3 1 16443
3 2 56
3 5 43
4 6 2585
4 8 16
4 1 24095
4 9 138
4 3 645
4 5 122
4 7 400
5 1 10378
5 7 56
5 4 122
5 6 237
5 9 3
5 2 8
5 3 43
6 3 1193
6 9 142
6 1 57620
6 5 237
6 7 1235
6 4 2585
7 1 22940
7 3 291
7 5 56
7 4 400
7 9 31
7 6 1235
8 4 16
8 3 8
8 1 1068
9 1 1932
9 7 31
9 4 138
9 6 142
9 5 3
9 3 49
