*Vertices  6
1 "172" box
2 "2106" box
3 "2107" box
4 "2699" box
5 "2762" box
6 "2763" box
*Edges
1 5 38917
1 4 5090
1 2 574
1 3 613
1 6 14598
2 4 1
2 1 574
2 6 12
2 5 36
3 5 142
3 6 16
3 1 613
4 1 5090
4 6 47
4 2 1
4 5 172
5 2 36
5 1 38917
5 4 172
5 6 1048
5 3 142
6 1 14598
6 2 12
6 4 47
6 5 1048
6 3 16
