*Vertices  9
1 "172" box
2 "392" box
3 "2106" box
4 "2107" box
5 "2699" box
6 "2762" box
7 "2763" box
8 "2765" box
9 "2766" box
*Edges
1 3 20133
1 5 11140
1 6 60046
1 9 3653
1 2 5613
1 4 39676
1 7 24316
1 8 1443
2 5 8
2 3 119
2 1 5613
3 8 8
3 4 943
3 9 174
3 7 307
3 6 1323
3 1 20133
3 2 119
3 5 50
4 6 3584
4 8 22
4 1 39676
4 9 445
4 3 943
4 5 137
4 7 591
5 1 11140
5 7 56
5 4 137
5 6 240
5 9 3
5 2 8
5 3 50
6 3 1323
6 9 434
6 1 60046
6 5 240
6 7 1235
6 4 3584
7 1 24316
7 3 307
7 5 56
7 4 591
7 9 62
7 6 1235
8 4 22
8 3 8
8 1 1443
9 1 3653
9 7 62
9 4 445
9 6 434
9 5 3
9 3 174
