*Vertices  9
1 "172" box
2 "392" box
3 "2106" box
4 "2107" box
5 "2699" box
6 "2762" box
7 "2763" box
8 "2765" box
9 "2766" box
*Edges
1 7 22590
1 4 17113
1 6 56249
1 2 2513
1 9 1433
1 3 14721
1 5 9343
1 8 862
2 3 24
2 1 2513
3 5 31
3 8 6
3 6 1169
3 7 290
3 1 14721
3 9 32
3 2 24
3 4 479
4 8 4
4 1 17113
4 6 1951
4 9 77
4 5 44
4 7 278
4 3 479
5 4 44
5 1 9343
5 6 214
5 3 31
5 7 54
5 9 2
6 3 1169
6 9 97
6 5 214
6 7 1235
6 4 1951
6 1 56249
7 9 24
7 5 54
7 1 22590
7 6 1235
7 4 278
7 3 290
8 1 862
8 4 4
8 3 6
9 4 77
9 5 2
9 1 1433
9 3 32
9 7 24
9 6 97
