*Vertices  9
1 "172" box
2 "392" box
3 "2106" box
4 "2107" box
5 "2699" box
6 "2762" box
7 "2763" box
8 "2765" box
9 "2766" box
*Edges
1 3 16811
1 5 10436
1 6 58160
1 9 3143
1 2 5173
1 4 25838
1 7 23126
1 8 1109
2 5 8
2 3 56
2 1 5173
3 8 8
3 4 683
3 9 118
3 7 292
3 6 1193
3 1 16811
3 2 56
3 5 43
4 6 2726
4 8 20
4 1 25838
4 9 320
4 3 683
4 5 122
4 7 418
5 1 10436
5 7 56
5 4 122
5 6 237
5 9 3
5 2 8
5 3 43
6 3 1193
6 9 375
6 1 58160
6 5 237
6 7 1235
6 4 2726
7 1 23126
7 3 292
7 5 56
7 4 418
7 9 55
7 6 1235
8 4 20
8 3 8
8 1 1109
9 1 3143
9 7 55
9 4 320
9 6 375
9 5 3
9 3 118
