*Vertices  10
1 "1485" box
2 "1489" box
3 "2582" box
4 "2583" box
5 "2584" box
6 "2585" box
7 "2587" box
8 "2588" box
9 "2589" box
10 "2590" box
*Edges
1 3 20
1 2 156
1 5 2
1 8 1
1 4 15
2 1 156
2 5 4042
2 7 39
2 4 28770
2 3 9182
2 8 2162
2 6 1469
2 9 428
2 10 14
3 5 460
3 8 99
3 1 20
3 4 3490
3 2 9182
4 1 15
4 5 12980
4 8 277
4 2 28770
4 3 3490
5 2 4042
5 4 12980
5 3 460
5 1 2
5 8 119
6 7 4
6 8 26
6 2 1469
6 9 13
7 2 39
7 6 4
8 5 119
8 1 1
8 4 277
8 2 2162
8 3 99
8 6 26
9 2 428
9 6 13
9 10 13
10 2 14
10 9 13
