*Vertices  12
1 "25" box
2 "1485" box
3 "1489" box
4 "2582" box
5 "2583" box
6 "2584" box
7 "2585" box
8 "2587" box
9 "2588" box
10 "2589" box
11 "2590" box
12 "2591" box
*Edges
1 3 444
1 10 278
1 11 54
2 5 15
2 9 1
2 3 158
2 6 2
2 4 20
3 4 9789
3 12 124
3 2 158
3 5 30929
3 8 51
3 1 444
3 7 1523
3 6 4179
3 9 3094
3 10 674
3 11 73
4 6 460
4 3 9789
4 9 99
4 2 20
4 5 3490
5 6 12980
5 2 15
5 3 30929
5 4 3490
5 9 277
6 3 4179
6 9 119
6 5 12980
6 4 460
6 2 2
7 3 1523
7 10 15
7 8 4
7 9 26
8 3 51
8 7 4
9 5 277
9 2 1
9 3 3094
9 7 26
9 4 99
9 6 119
10 1 278
10 11 272
10 3 674
10 7 15
11 3 73
11 10 272
11 1 54
12 3 124
