*Vertices  9
1 "1485" box
2 "1489" box
3 "2582" box
4 "2583" box
5 "2584" box
6 "2585" box
7 "2587" box
8 "2588" box
9 "2589" box
*Edges
1 5 2
1 2 156
1 8 1
1 3 20
1 4 15
2 1 156
2 4 28763
2 3 9181
2 8 1992
2 7 35
2 5 4042
2 6 1454
2 9 390
3 8 99
3 2 9181
3 5 460
3 4 3490
3 1 20
4 5 12980
4 2 28763
4 8 277
4 3 3490
4 1 15
5 4 12980
5 8 119
5 1 2
5 3 460
5 2 4042
6 8 26
6 7 4
6 2 1454
6 9 13
7 2 35
7 6 4
8 2 1992
8 1 1
8 3 99
8 5 119
8 6 26
8 4 277
9 2 390
9 6 13
