*Vertices  12
1 "25" box
2 "1485" box
3 "1489" box
4 "2582" box
5 "2583" box
6 "2584" box
7 "2585" box
8 "2587" box
9 "2588" box
10 "2589" box
11 "2590" box
12 "2591" box
*Edges
1 10 18
1 3 168
2 6 2
2 3 158
2 4 20
2 5 15
2 9 1
3 10 645
3 4 9755
3 8 47
3 7 1507
3 6 4160
3 9 2914
3 2 158
3 1 168
3 11 42
3 12 76
3 5 30247
4 6 460
4 2 20
4 9 99
4 3 9755
4 5 3490
5 6 12980
5 9 277
5 3 30247
5 4 3490
5 2 15
6 9 119
6 5 12980
6 3 4160
6 2 2
6 4 460
7 10 15
7 3 1507
7 8 4
7 9 26
8 7 4
8 3 47
9 5 277
9 4 99
9 3 2914
9 6 119
9 7 26
9 2 1
10 3 645
10 1 18
10 11 125
10 7 15
11 3 42
11 10 125
12 3 76
