*Vertices  11
1 "1485" box
2 "1489" box
3 "2582" box
4 "2583" box
5 "2584" box
6 "2585" box
7 "2587" box
8 "2588" box
9 "2589" box
10 "2590" box
11 "2591" box
*Edges
1 8 1
1 2 156
1 3 20
1 4 15
1 5 2
2 6 1492
2 1 156
2 8 2585
2 4 29382
2 7 43
2 11 18
2 3 9591
2 5 4058
2 9 545
2 10 33
3 4 3490
3 2 9591
3 5 460
3 1 20
3 8 99
4 8 277
4 1 15
4 3 3490
4 2 29382
4 5 12980
5 4 12980
5 2 4058
5 3 460
5 8 119
5 1 2
6 2 1492
6 8 26
6 7 4
6 9 13
7 2 43
7 6 4
8 3 99
8 5 119
8 6 26
8 4 277
8 2 2585
8 1 1
9 6 13
9 2 545
9 10 96
10 2 33
10 9 96
11 2 18
