*Vertices  7
1 "182" box
2 "197" box
3 "179" box
4 "185" box
5 "193" box
6 "234" box
7 "245" box
*Edges
3 1 55027
3 4 3207
3 6 5
3 7 266
3 5 314
3 2 11947
1 7 367
1 2 11549
1 5 638
1 3 55027
1 4 3821
1 6 17
4 6 4
4 3 3207
4 7 36
4 1 3821
4 5 1
4 2 422
4 5 90
5 4 90
5 3 314
5 4 1
5 6 29
5 1 638
5 2 72
5 7 55
2 3 11947
2 5 72
2 1 11549
2 4 422
2 7 68
6 3 5
6 1 17
6 5 29
6 4 4
7 4 36
7 3 266
7 1 367
7 5 55
7 2 68
