*Vertices  13
1 "182" box
2 "197" box
3 "179" box
4 "185" box
5 "193" box
6 "234" box
7 "245" box
8 "247" box
9 "249" box
10 "251" box
11 "252" box
12 "253" box
13 "254" box
*Edges
3 4 3222
3 1 70409
3 5 314
3 2 45937
3 10 5542
3 12 757
3 8 39190
3 7 430
3 11 1219
3 6 5
1 3 70409
1 2 88684
1 5 766
1 9 2
1 6 28
1 4 4981
1 12 2397
1 8 70803
1 7 1081
1 10 18405
1 11 1886
4 3 3222
4 10 1138
4 5 90
4 8 1665
4 5 1
4 6 9
4 7 86
4 11 92
4 2 2296
4 12 2
4 1 4981
5 4 1
5 8 1
5 6 29
5 4 90
5 8 259
5 10 309
5 2 390
5 3 314
5 11 27
5 7 72
5 12 11
5 1 766
2 7 729
2 3 45937
2 11 2130
2 12 1925
2 6 13
2 8 74303
2 4 2296
2 5 390
2 10 20574
2 1 88684
2 9 1
2 13 22
6 8 2
6 5 29
6 1 28
6 4 9
6 3 5
6 10 5
6 2 13
7 4 86
7 2 729
7 8 326
7 1 1081
7 3 430
7 5 72
7 12 79
7 11 24
7 10 569
8 2 74303
8 3 39190
8 5 1
8 1 70803
8 10 10828
8 7 326
8 6 2
8 5 259
8 9 2
8 12 963
8 4 1665
8 11 1121
9 8 2
9 1 2
9 2 1
10 11 825
10 5 309
10 4 1138
10 1 18405
10 3 5542
10 7 569
10 6 5
10 12 1276
10 8 10828
10 2 20574
11 7 24
11 4 92
11 2 2130
11 12 27
11 10 825
11 3 1219
11 8 1121
11 5 27
11 1 1886
12 3 757
12 8 963
12 2 1925
12 7 79
12 1 2397
12 4 2
12 11 27
12 5 11
12 10 1276
13 2 22
