*Vertices  7
1 "182" box
2 "197" box
3 "179" box
4 "185" box
5 "193" box
6 "234" box
7 "245" box
*Edges
3 1 55858
3 4 3207
3 6 5
3 7 266
3 5 314
3 2 12166
1 7 382
1 2 12102
1 5 641
1 3 55858
1 4 3879
1 6 25
4 6 9
4 3 3207
4 7 36
4 1 3879
4 5 1
4 2 424
4 5 90
5 4 90
5 3 314
5 4 1
5 6 29
5 1 641
5 2 72
5 7 55
2 3 12166
2 5 72
2 1 12102
2 4 424
2 7 68
6 3 5
6 1 25
6 5 29
6 4 9
7 4 36
7 3 266
7 1 382
7 5 55
7 2 68
