*Vertices  7
1 "182" box
2 "197" box
3 "179" box
4 "185" box
5 "193" box
6 "234" box
7 "245" box
*Edges
3 1 57384
3 4 3213
3 6 5
3 7 305
3 5 314
3 2 12939
1 7 416
1 2 13349
1 5 642
1 3 57384
1 4 3922
1 6 25
4 6 9
4 3 3213
4 7 36
4 1 3922
4 5 1
4 2 438
4 5 90
5 4 90
5 3 314
5 4 1
5 6 29
5 1 642
5 2 72
5 7 64
2 3 12939
2 5 72
2 1 13349
2 4 438
2 7 79
6 3 5
6 1 25
6 5 29
6 4 9
7 4 36
7 3 305
7 1 416
7 5 64
7 2 79
