*Vertices  7
1 "182" box
2 "197" box
3 "179" box
4 "185" box
5 "193" box
6 "234" box
7 "245" box
*Edges
3 1 53586
3 4 3207
3 6 5
3 7 260
3 5 314
3 2 10741
1 7 327
1 2 10071
1 5 638
1 3 53586
1 4 3807
1 6 17
4 6 4
4 3 3207
4 7 36
4 1 3807
4 5 1
4 2 366
4 5 90
5 4 90
5 3 314
5 4 1
5 6 29
5 1 638
5 2 63
5 7 43
2 3 10741
2 5 63
2 1 10071
2 4 366
2 7 52
6 3 5
6 1 17
6 5 29
6 4 4
7 4 36
7 3 260
7 1 327
7 5 43
7 2 52
