*Vertices  13
1 "182" box
2 "197" box
3 "179" box
4 "185" box
5 "193" box
6 "234" box
7 "245" box
8 "247" box
9 "249" box
10 "251" box
11 "252" box
12 "253" box
13 "254" box
*Edges
3 4 3222
3 1 70409
3 5 314
3 2 45748
3 10 5542
3 12 523
3 8 39190
3 7 430
3 11 1208
3 6 5
1 3 70409
1 2 88274
1 5 766
1 9 2
1 6 28
1 4 4981
1 12 1746
1 8 70803
1 7 1081
1 10 18405
1 11 1777
4 3 3222
4 10 1138
4 5 90
4 8 1665
4 5 1
4 6 9
4 7 86
4 11 92
4 2 2293
4 12 2
4 1 4981
5 4 1
5 8 1
5 6 29
5 4 90
5 8 259
5 10 309
5 2 389
5 3 314
5 11 27
5 7 72
5 12 11
5 1 766
2 7 725
2 3 45748
2 11 2059
2 12 1416
2 6 13
2 8 74106
2 4 2293
2 5 389
2 10 20388
2 1 88274
2 9 1
2 13 22
6 8 2
6 5 29
6 1 28
6 4 9
6 3 5
6 10 5
6 2 13
7 4 86
7 2 725
7 8 326
7 1 1081
7 3 430
7 5 72
7 12 77
7 11 24
7 10 569
8 2 74106
8 3 39190
8 5 1
8 1 70803
8 10 10828
8 7 326
8 6 2
8 5 259
8 9 2
8 12 712
8 4 1665
8 11 1092
9 8 2
9 1 2
9 2 1
10 11 756
10 5 309
10 4 1138
10 1 18405
10 3 5542
10 7 569
10 6 5
10 12 1035
10 8 10828
10 2 20388
11 7 24
11 4 92
11 2 2059
11 12 21
11 10 756
11 3 1208
11 8 1092
11 5 27
11 1 1777
12 3 523
12 8 712
12 2 1416
12 7 77
12 1 1746
12 4 2
12 11 21
12 5 11
12 10 1035
13 2 22
