*Vertices  8
1 "182" box
2 "197" box
3 "179" box
4 "185" box
5 "193" box
6 "234" box
7 "245" box
8 "247" box
*Edges
3 5 314
3 4 3222
3 2 21216
3 8 10734
3 1 66705
3 7 430
3 6 5
1 5 686
1 3 66705
1 7 969
1 6 27
1 4 4538
1 2 29973
1 8 11793
4 1 4538
4 7 86
4 2 644
4 5 1
4 3 3222
4 6 9
4 5 90
4 8 98
5 8 4
5 3 314
5 4 1
5 2 104
5 4 90
5 7 72
5 1 686
5 6 29
2 7 149
2 4 644
2 1 29973
2 8 5275
2 5 104
2 3 21216
6 4 9
6 1 27
6 3 5
6 8 1
6 5 29
7 4 86
7 8 16
7 3 430
7 5 72
7 2 149
7 1 969
8 3 10734
8 7 16
8 4 98
8 5 4
8 1 11793
8 2 5275
8 6 1
