*Vertices  7
1 "411" box
2 "670" box
3 "417" box
4 "412" box
5 "1407" box
6 "2972" box
7 "388" box
*Edges
7 3 338
7 2 346
7 5 3
7 6 8
7 4 69
7 1 631
1 7 631
1 5 694
1 4 8515
1 2 24360
1 3 21725
1 6 2749
4 6 403
4 3 1110
4 7 69
4 1 8515
4 2 6938
4 5 93
3 4 1110
3 6 303
3 5 90
3 2 4833
3 7 338
3 1 21725
2 4 6938
2 5 2047
2 6 1331
2 1 24360
2 3 4833
2 7 346
5 7 3
5 6 1
5 1 694
5 4 93
5 3 90
5 2 2047
6 7 8
6 5 1
6 1 2749
6 2 1331
6 4 403
6 3 303
