*Vertices  8
1 "411" box
2 "670" box
3 "417" box
4 "412" box
5 "1407" box
6 "527" box
7 "2972" box
8 "388" box
*Edges
8 1 686
8 4 77
8 6 2
8 2 667
8 3 396
8 5 7
8 7 8
1 8 686
1 4 10852
1 6 42
1 3 24550
1 5 1121
1 7 2846
1 2 39567
4 2 12316
4 6 11
4 8 77
4 3 1386
4 7 466
4 1 10852
4 5 124
3 1 24550
3 5 188
3 8 396
3 4 1386
3 7 317
3 2 11435
3 6 12
6 4 11
6 8 2
6 3 12
6 2 80
6 1 42
2 8 667
2 1 39567
2 3 11435
2 6 80
2 4 12316
2 7 1769
2 5 4111
5 4 124
5 1 1121
5 7 1
5 8 7
5 3 188
5 2 4111
7 5 1
7 3 317
7 8 8
7 2 1769
7 4 466
7 1 2846
