*Vertices  8
1 "411" box
2 "670" box
3 "417" box
4 "412" box
5 "1407" box
6 "527" box
7 "2972" box
8 "388" box
*Edges
8 1 680
8 4 77
8 6 2
8 2 639
8 3 396
8 5 7
8 7 8
1 8 680
1 4 10801
1 6 42
1 3 24548
1 5 1121
1 7 2842
1 2 38619
4 2 11863
4 6 11
4 8 77
4 3 1324
4 7 466
4 1 10801
4 5 124
3 1 24548
3 5 188
3 8 396
3 4 1324
3 7 317
3 2 10928
3 6 12
6 4 11
6 8 2
6 3 12
6 2 72
6 1 42
2 8 639
2 1 38619
2 3 10928
2 6 72
2 4 11863
2 7 1729
2 5 4104
5 4 124
5 1 1121
5 7 1
5 8 7
5 3 188
5 2 4104
7 5 1
7 3 317
7 8 8
7 2 1729
7 4 466
7 1 2842
