*Vertices  7
1 "411" box
2 "670" box
3 "417" box
4 "412" box
5 "1407" box
6 "2972" box
7 "388" box
*Edges
7 3 333
7 2 314
7 5 3
7 6 6
7 4 68
7 1 610
1 7 610
1 5 694
1 4 8471
1 2 24224
1 3 21724
1 6 2749
4 6 403
4 3 1104
4 7 68
4 1 8471
4 2 6879
4 5 93
3 4 1104
3 6 303
3 5 90
3 2 4825
3 7 333
3 1 21724
2 4 6879
2 5 2047
2 6 1331
2 1 24224
2 3 4825
2 7 314
5 7 3
5 6 1
5 1 694
5 4 93
5 3 90
5 2 2047
6 7 6
6 5 1
6 1 2749
6 2 1331
6 4 403
6 3 303
