*Vertices  6
1 "411" box
2 "670" box
3 "417" box
4 "412" box
5 "1407" box
6 "2972" box
*Edges
1 4 3633
1 6 2454
1 2 11146
1 3 13391
1 5 278
4 1 3633
4 6 256
4 3 65
4 2 2461
4 5 3
3 1 13391
3 4 65
3 6 229
3 2 1052
3 5 69
2 4 2461
2 1 11146
2 3 1052
2 5 1216
2 6 897
5 1 278
5 6 1
5 2 1216
5 4 3
5 3 69
6 1 2454
6 4 256
6 2 897
6 3 229
6 5 1
