*Vertices  6
1 "411" box
2 "670" box
3 "417" box
4 "412" box
5 "1407" box
6 "2972" box
*Edges
1 4 3833
1 6 2468
1 2 13043
1 3 14306
1 5 442
4 1 3833
4 6 263
4 3 77
4 2 2695
4 5 6
3 1 14306
3 4 77
3 6 242
3 2 1651
3 5 78
2 4 2695
2 1 13043
2 3 1651
2 5 1265
2 6 950
5 1 442
5 6 1
5 2 1265
5 4 6
5 3 78
6 1 2468
6 4 263
6 2 950
6 3 242
6 5 1
