*Vertices  8
1 "411" box
2 "670" box
3 "417" box
4 "412" box
5 "1407" box
6 "527" box
7 "2972" box
8 "388" box
*Edges
8 1 680
8 4 77
8 6 2
8 2 653
8 3 396
8 5 7
8 7 8
1 8 680
1 4 10814
1 6 42
1 3 24548
1 5 1121
1 7 2842
1 2 39258
4 2 12068
4 6 11
4 8 77
4 3 1384
4 7 466
4 1 10814
4 5 124
3 1 24548
3 5 188
3 8 396
3 4 1384
3 7 317
3 2 11312
3 6 12
6 4 11
6 8 2
6 3 12
6 2 74
6 1 42
2 8 653
2 1 39258
2 3 11312
2 6 74
2 4 12068
2 7 1764
2 5 4108
5 4 124
5 1 1121
5 7 1
5 8 7
5 3 188
5 2 4108
7 5 1
7 3 317
7 8 8
7 2 1764
7 4 466
7 1 2842
