*Vertices  8
1 "411" box
2 "670" box
3 "417" box
4 "412" box
5 "1407" box
6 "527" box
7 "2972" box
8 "388" box
*Edges
8 1 672
8 4 76
8 6 2
8 2 549
8 3 395
8 5 7
8 7 8
1 8 672
1 4 10671
1 6 39
1 3 24318
1 5 1097
1 7 2824
1 2 37361
4 2 11531
4 6 11
4 8 76
4 3 1318
4 7 466
4 1 10671
4 5 124
3 1 24318
3 5 188
3 8 395
3 4 1318
3 7 317
3 2 10754
3 6 12
6 4 11
6 8 2
6 3 12
6 2 50
6 1 39
2 8 549
2 1 37361
2 3 10754
2 6 50
2 4 11531
2 7 1696
2 5 3817
5 4 124
5 1 1097
5 7 1
5 8 7
5 3 188
5 2 3817
7 5 1
7 3 317
7 8 8
7 2 1696
7 4 466
7 1 2824
