*Vertices  7
1 "411" box
2 "670" box
3 "417" box
4 "412" box
5 "1407" box
6 "2972" box
7 "388" box
*Edges
7 3 235
7 2 147
7 5 3
7 6 6
7 4 11
7 1 454
1 7 454
1 5 561
1 4 4393
1 2 15569
1 3 17003
1 6 2582
4 6 271
4 3 84
4 7 11
4 1 4393
4 2 3087
4 5 11
3 4 84
3 6 246
3 5 89
3 2 2109
3 7 235
3 1 17003
2 4 3087
2 5 1595
2 6 1002
2 1 15569
2 3 2109
2 7 147
5 7 3
5 6 1
5 1 561
5 4 11
5 3 89
5 2 1595
6 7 6
6 5 1
6 1 2582
6 2 1002
6 4 271
6 3 246
