*Vertices  7
1 "411" box
2 "670" box
3 "417" box
4 "412" box
5 "1407" box
6 "2972" box
7 "388" box
*Edges
7 3 244
7 2 260
7 5 3
7 6 6
7 4 13
7 1 524
1 7 524
1 5 564
1 4 4749
1 2 15851
1 3 17514
1 6 2624
4 6 287
4 3 105
4 7 13
4 1 4749
4 2 3361
4 5 17
3 4 105
3 6 249
3 5 89
3 2 2138
3 7 244
3 1 17514
2 4 3361
2 5 1595
2 6 1007
2 1 15851
2 3 2138
2 7 260
5 7 3
5 6 1
5 1 564
5 4 17
5 3 89
5 2 1595
6 7 6
6 5 1
6 1 2624
6 2 1007
6 4 287
6 3 249
