*Vertices  7
1 "411" box
2 "670" box
3 "417" box
4 "412" box
5 "1407" box
6 "2972" box
7 "388" box
*Edges
7 3 239
7 2 155
7 5 3
7 6 6
7 4 11
7 1 454
1 7 454
1 5 562
1 4 4557
1 2 15598
1 3 17132
1 6 2584
4 6 278
4 3 92
4 7 11
4 1 4557
4 2 3221
4 5 12
3 4 92
3 6 249
3 5 89
3 2 2126
3 7 239
3 1 17132
2 4 3221
2 5 1595
2 6 1002
2 1 15598
2 3 2126
2 7 155
5 7 3
5 6 1
5 1 562
5 4 12
5 3 89
5 2 1595
6 7 6
6 5 1
6 1 2584
6 2 1002
6 4 278
6 3 249
