*Vertices  7
1 "411" box
2 "670" box
3 "417" box
4 "412" box
5 "1407" box
6 "2972" box
7 "388" box
*Edges
7 3 340
7 2 445
7 5 3
7 6 8
7 4 69
7 1 636
1 7 636
1 5 703
1 4 8910
1 2 29976
1 3 21828
1 6 2756
4 6 404
4 3 1133
4 7 69
4 1 8910
4 2 8375
4 5 94
3 4 1133
3 6 303
3 5 90
3 2 8256
3 7 340
3 1 21828
2 4 8375
2 5 2239
2 6 1493
2 1 29976
2 3 8256
2 7 445
5 7 3
5 6 1
5 1 703
5 4 94
5 3 90
5 2 2239
6 7 8
6 5 1
6 1 2756
6 2 1493
6 4 404
6 3 303
