*Vertices  7
1 "411" box
2 "670" box
3 "417" box
4 "412" box
5 "1407" box
6 "2972" box
7 "388" box
*Edges
7 3 303
7 2 305
7 5 3
7 6 6
7 4 15
7 1 551
1 7 551
1 5 575
1 4 5003
1 2 20205
1 3 18283
1 6 2649
4 6 292
4 3 112
4 7 15
4 1 5003
4 2 4272
4 5 17
3 4 112
3 6 258
3 5 89
3 2 3343
3 7 303
3 1 18283
2 4 4272
2 5 1894
2 6 1222
2 1 20205
2 3 3343
2 7 305
5 7 3
5 6 1
5 1 575
5 4 17
5 3 89
5 2 1894
6 7 6
6 5 1
6 1 2649
6 2 1222
6 4 292
6 3 258
