*Vertices  8
1 "411" box
2 "670" box
3 "417" box
4 "412" box
5 "1407" box
6 "527" box
7 "2972" box
8 "388" box
*Edges
8 1 677
8 4 77
8 6 2
8 2 577
8 3 396
8 5 7
8 7 8
1 8 677
1 4 10768
1 6 42
1 3 24449
1 5 1121
1 7 2834
1 2 38038
4 2 11714
4 6 11
4 8 77
4 3 1324
4 7 466
4 1 10768
4 5 124
3 1 24449
3 5 188
3 8 396
3 4 1324
3 7 317
3 2 10838
3 6 12
6 4 11
6 8 2
6 3 12
6 2 53
6 1 42
2 8 577
2 1 38038
2 3 10838
2 6 53
2 4 11714
2 7 1722
2 5 4085
5 4 124
5 1 1121
5 7 1
5 8 7
5 3 188
5 2 4085
7 5 1
7 3 317
7 8 8
7 2 1722
7 4 466
7 1 2834
