*Vertices  8
1 "411" box
2 "670" box
3 "417" box
4 "412" box
5 "1407" box
6 "527" box
7 "2972" box
8 "388" box
*Edges
8 1 665
8 4 76
8 6 2
8 2 476
8 3 390
8 5 7
8 7 8
1 8 665
1 4 10415
1 6 38
1 3 23753
1 5 1091
1 7 2813
1 2 36260
4 2 11281
4 6 11
4 8 76
4 3 1300
4 7 466
4 1 10415
4 5 109
3 1 23753
3 5 188
3 8 390
3 4 1300
3 7 317
3 2 10622
3 6 11
6 4 11
6 8 2
6 3 11
6 2 46
6 1 38
2 8 476
2 1 36260
2 3 10622
2 6 46
2 4 11281
2 7 1662
2 5 3661
5 4 109
5 1 1091
5 7 1
5 8 7
5 3 188
5 2 3661
7 5 1
7 3 317
7 8 8
7 2 1662
7 4 466
7 1 2813
