*Vertices  7
1 "411" box
2 "670" box
3 "417" box
4 "412" box
5 "1407" box
6 "2972" box
7 "388" box
*Edges
7 3 257
7 2 295
7 5 3
7 6 6
7 4 13
7 1 535
1 7 535
1 5 565
1 4 4845
1 2 16063
1 3 17808
1 6 2628
4 6 289
4 3 109
4 7 13
4 1 4845
4 2 3441
4 5 17
3 4 109
3 6 258
3 5 89
3 2 2191
3 7 257
3 1 17808
2 4 3441
2 5 1610
2 6 1007
2 1 16063
2 3 2191
2 7 295
5 7 3
5 6 1
5 1 565
5 4 17
5 3 89
5 2 1610
6 7 6
6 5 1
6 1 2628
6 2 1007
6 4 289
6 3 258
