*Vertices  7
1 "411" box
2 "670" box
3 "417" box
4 "412" box
5 "1407" box
6 "2972" box
7 "388" box
*Edges
7 3 211
7 2 112
7 5 3
7 6 6
7 4 11
7 1 350
1 7 350
1 5 524
1 4 4131
1 2 14577
1 3 15261
1 6 2536
4 6 271
4 3 84
4 7 11
4 1 4131
4 2 3004
4 5 11
3 4 84
3 6 246
3 5 85
3 2 1885
3 7 211
3 1 15261
2 4 3004
2 5 1558
2 6 989
2 1 14577
2 3 1885
2 7 112
5 7 3
5 6 1
5 1 524
5 4 11
5 3 85
5 2 1558
6 7 6
6 5 1
6 1 2536
6 2 989
6 4 271
6 3 246
