*Vertices  8
1 "400" box
2 "401" box
3 "403" box
4 "406" box
5 "564" box
6 "565" box
7 "567" box
8 "1466" box
*Edges
1 3 13
1 2 11
1 5 19
2 5 405
2 1 11
2 4 1
2 7 272
2 3 846
2 6 11
2 8 416
3 1 13
3 2 846
3 7 566
3 5 397
3 6 24
3 8 108
4 2 1
5 2 405
5 8 328
5 7 992
5 1 19
5 3 397
6 2 11
6 3 24
6 8 1
7 8 127
7 5 992
7 2 272
7 3 566
8 3 108
8 2 416
8 6 1
8 7 127
8 5 328
