*Vertices  8
1 "400" box
2 "401" box
3 "403" box
4 "406" box
5 "564" box
6 "565" box
7 "567" box
8 "1466" box
*Edges
1 2 22
1 5 26
1 7 40
1 3 33
2 7 368
2 8 471
2 5 507
2 4 1
2 6 28
2 1 22
2 3 971
3 7 628
3 5 475
3 8 117
3 6 76
3 2 971
3 1 33
4 2 1
5 8 348
5 1 26
5 2 507
5 7 1120
5 3 475
6 2 28
6 8 3
6 3 76
7 3 628
7 2 368
7 1 40
7 5 1120
7 8 160
8 6 3
8 7 160
8 5 348
8 3 117
8 2 471
