*Vertices  8
1 "400" box
2 "401" box
3 "403" box
4 "406" box
5 "564" box
6 "565" box
7 "567" box
8 "1466" box
*Edges
1 3 15
1 2 15
1 5 19
2 5 422
2 1 15
2 4 1
2 7 285
2 3 890
2 6 11
2 8 417
3 1 15
3 2 890
3 7 575
3 5 408
3 6 25
3 8 109
4 2 1
5 2 422
5 8 328
5 7 1017
5 1 19
5 3 408
6 2 11
6 3 25
6 8 1
7 8 127
7 5 1017
7 2 285
7 3 575
8 3 109
8 2 417
8 6 1
8 7 127
8 5 328
