*Vertices  8
1 "400" box
2 "401" box
3 "403" box
4 "406" box
5 "564" box
6 "565" box
7 "567" box
8 "1466" box
*Edges
1 3 29
1 2 15
1 5 19
2 5 495
2 1 15
2 4 1
2 7 368
2 3 937
2 6 28
2 8 465
3 1 29
3 2 937
3 7 594
3 5 450
3 6 73
3 8 110
4 2 1
5 2 495
5 8 345
5 7 1113
5 1 19
5 3 450
6 2 28
6 3 73
6 8 3
7 8 158
7 5 1113
7 2 368
7 3 594
8 3 110
8 2 465
8 6 3
8 7 158
8 5 345
