*Vertices  8
1 "400" box
2 "401" box
3 "403" box
4 "406" box
5 "564" box
6 "565" box
7 "567" box
8 "1466" box
*Edges
1 3 15
1 2 15
1 5 19
2 5 480
2 1 15
2 4 1
2 7 359
2 3 919
2 6 20
2 8 450
3 1 15
3 2 919
3 7 581
3 5 414
3 6 49
3 8 109
4 2 1
5 2 480
5 8 340
5 7 1097
5 1 19
5 3 414
6 2 20
6 3 49
6 8 2
7 8 154
7 5 1097
7 2 359
7 3 581
8 3 109
8 2 450
8 6 2
8 7 154
8 5 340
