*Vertices  9
1 "444" box
2 "832" box
3 "838" box
4 "2241" box
5 "2242" box
6 "2244" box
7 "2249" box
8 "2253" box
9 "2256" box
*Edges
1 6 381
1 7 88
1 5 3649
1 3 275
1 2 63
1 9 49
1 4 1110
1 8 29
2 4 63
2 5 243
2 1 63
2 7 4
2 3 15
2 9 2
2 8 2
2 6 28
3 4 333
3 8 8
3 2 15
3 6 114
3 1 275
3 5 960
3 7 18
3 9 13
4 9 76
4 3 333
4 2 63
4 6 485
4 1 1110
4 5 5266
4 8 52
4 7 84
5 4 5266
5 7 303
5 2 243
5 9 259
5 1 3649
5 8 204
5 3 960
5 6 1655
6 3 114
6 2 28
6 5 1655
6 9 23
6 4 485
6 8 14
6 7 29
6 1 381
7 1 88
7 3 18
7 5 303
7 9 2
7 4 84
7 8 4
7 2 4
7 6 29
8 4 52
8 2 2
8 1 29
8 7 4
8 3 8
8 9 3
8 5 204
8 6 14
9 2 2
9 6 23
9 1 49
9 8 3
9 7 2
9 5 259
9 3 13
9 4 76
