*Vertices  8
1 "444" box
2 "832" box
3 "838" box
4 "2241" box
5 "2242" box
6 "2244" box
7 "2249" box
8 "2253" box
*Edges
1 4 922
1 7 86
1 3 257
1 6 364
1 2 60
1 5 3297
1 8 27
2 3 15
2 8 2
2 6 28
2 7 4
2 5 229
2 1 60
2 4 52
3 6 113
3 1 257
3 4 290
3 2 15
3 8 8
3 5 904
3 7 18
4 6 415
4 2 52
4 7 76
4 3 290
4 1 922
4 5 4399
4 8 46
5 1 3297
5 4 4399
5 8 196
5 6 1579
5 2 229
5 7 293
5 3 904
6 2 28
6 4 415
6 1 364
6 7 29
6 5 1579
6 8 14
6 3 113
7 5 293
7 8 4
7 4 76
7 2 4
7 3 18
7 1 86
7 6 29
8 1 27
8 4 46
8 7 4
8 3 8
8 6 14
8 2 2
8 5 196
