*Vertices  8
1 "2038" box
2 "2039" box
3 "2040" box
4 "2041" box
5 "2042" box
6 "2043" box
7 "3182" box
8 "3183" box
*Edges
1 4 1480
1 7 44
1 3 629
1 6 103
1 2 198
1 5 1597
1 8 38
2 3 70
2 8 9
2 6 21
2 7 1
2 5 63
2 1 198
2 4 114
3 6 118
3 1 629
3 4 937
3 2 70
3 8 145
3 5 468
3 7 53
4 6 176
4 2 114
4 7 103
4 3 937
4 1 1480
4 5 1243
4 8 179
5 1 1597
5 4 1243
5 8 58
5 6 76
5 2 63
5 7 52
5 3 468
6 2 21
6 4 176
6 1 103
6 7 6
6 5 76
6 8 21
6 3 118
7 5 52
7 8 9
7 4 103
7 2 1
7 3 53
7 1 44
7 6 6
8 1 38
8 4 179
8 7 9
8 3 145
8 6 21
8 2 9
8 5 58
