*Vertices  9
1 "2038" box
2 "2039" box
3 "2040" box
4 "2041" box
5 "2042" box
6 "2043" box
7 "3182" box
8 "3183" box
9 "3184" box
*Edges
1 6 132
1 7 64
1 5 1789
1 3 835
1 2 221
1 9 218
1 4 2019
1 8 39
2 4 148
2 5 67
2 1 221
2 7 4
2 3 90
2 9 3
2 8 9
2 6 25
3 4 1570
3 8 178
3 2 90
3 6 222
3 1 835
3 5 721
3 7 89
3 9 79
4 9 175
4 3 1570
4 2 148
4 6 290
4 1 2019
4 5 1974
4 8 204
4 7 172
5 4 1974
5 7 78
5 2 67
5 9 158
5 1 1789
5 8 69
5 3 721
5 6 117
6 3 222
6 2 25
6 5 117
6 9 6
6 4 290
6 8 33
6 7 13
6 1 132
7 1 64
7 3 89
7 5 78
7 9 9
7 4 172
7 8 14
7 2 4
7 6 13
8 4 204
8 2 9
8 1 39
8 7 14
8 3 178
8 9 4
8 5 69
8 6 33
9 2 3
9 6 6
9 1 218
9 8 4
9 7 9
9 5 158
9 3 79
9 4 175
