*Vertices  9
1 "2038" box
2 "2039" box
3 "2040" box
4 "2041" box
5 "2042" box
6 "2043" box
7 "3182" box
8 "3183" box
9 "3184" box
*Edges
1 6 253
1 7 90
1 5 1889
1 3 858
1 2 430
1 9 454
1 4 2305
1 8 39
2 4 275
2 5 117
2 1 430
2 7 9
2 3 134
2 9 36
2 8 14
2 6 74
3 4 1858
3 8 194
3 2 134
3 6 446
3 1 858
3 5 814
3 7 110
3 9 185
4 9 742
4 3 1858
4 2 275
4 6 794
4 1 2305
4 5 2672
4 8 227
4 7 263
5 4 2672
5 7 147
5 2 117
5 9 869
5 1 1889
5 8 82
5 3 814
5 6 414
6 3 446
6 2 74
6 5 414
6 9 100
6 4 794
6 8 66
6 7 61
6 1 253
7 1 90
7 3 110
7 5 147
7 9 26
7 4 263
7 8 17
7 2 9
7 6 61
8 4 227
8 2 14
8 1 39
8 7 17
8 3 194
8 9 20
8 5 82
8 6 66
9 2 36
9 6 100
9 1 454
9 8 20
9 7 26
9 5 869
9 3 185
9 4 742
