*Vertices  9
1 "2038" box
2 "2039" box
3 "2040" box
4 "2041" box
5 "2042" box
6 "2043" box
7 "3182" box
8 "3183" box
9 "3184" box
*Edges
1 6 253
1 7 91
1 5 1930
1 3 858
1 2 443
1 9 609
1 4 2333
1 8 39
2 4 311
2 5 141
2 1 443
2 7 12
2 3 146
2 9 58
2 8 14
2 6 77
3 4 1865
3 8 194
3 2 146
3 6 446
3 1 858
3 5 838
3 7 110
3 9 230
4 9 1021
4 3 1865
4 2 311
4 6 798
4 1 2333
4 5 2800
4 8 227
4 7 265
5 4 2800
5 7 158
5 2 141
5 9 1680
5 1 1930
5 8 84
5 3 838
5 6 429
6 3 446
6 2 77
6 5 429
6 9 145
6 4 798
6 8 66
6 7 61
6 1 253
7 1 91
7 3 110
7 5 158
7 9 37
7 4 265
7 8 17
7 2 12
7 6 61
8 4 227
8 2 14
8 1 39
8 7 17
8 3 194
8 9 23
8 5 84
8 6 66
9 2 58
9 6 145
9 1 609
9 8 23
9 7 37
9 5 1680
9 3 230
9 4 1021
