*Vertices  9
1 "2038" box
2 "2039" box
3 "2040" box
4 "2041" box
5 "2042" box
6 "2043" box
7 "3182" box
8 "3183" box
9 "3184" box
*Edges
1 6 253
1 7 90
1 5 1898
1 3 858
1 2 435
1 9 499
1 4 2319
1 8 39
2 4 296
2 5 123
2 1 435
2 7 11
2 3 138
2 9 46
2 8 14
2 6 77
3 4 1863
3 8 194
3 2 138
3 6 446
3 1 858
3 5 819
3 7 110
3 9 190
4 9 841
4 3 1863
4 2 296
4 6 796
4 1 2319
4 5 2701
4 8 227
4 7 263
5 4 2701
5 7 147
5 2 123
5 9 1193
5 1 1898
5 8 82
5 3 819
5 6 417
6 3 446
6 2 77
6 5 417
6 9 123
6 4 796
6 8 66
6 7 61
6 1 253
7 1 90
7 3 110
7 5 147
7 9 30
7 4 263
7 8 17
7 2 11
7 6 61
8 4 227
8 2 14
8 1 39
8 7 17
8 3 194
8 9 20
8 5 82
8 6 66
9 2 46
9 6 123
9 1 499
9 8 20
9 7 30
9 5 1193
9 3 190
9 4 841
