*Vertices  9
1 "2038" box
2 "2039" box
3 "2040" box
4 "2041" box
5 "2042" box
6 "2043" box
7 "3182" box
8 "3183" box
9 "3184" box
*Edges
1 6 163
1 7 67
1 5 1800
1 3 857
1 2 335
1 9 227
1 4 2103
1 8 39
2 4 201
2 5 82
2 1 335
2 7 4
2 3 105
2 9 3
2 8 9
2 6 40
3 4 1735
3 8 194
3 2 105
3 6 298
3 1 857
3 5 763
3 7 95
3 9 84
4 9 192
4 3 1735
4 2 201
4 6 396
4 1 2103
4 5 2097
4 8 214
4 7 188
5 4 2097
5 7 85
5 2 82
5 9 221
5 1 1800
5 8 69
5 3 763
5 6 163
6 3 298
6 2 40
6 5 163
6 9 11
6 4 396
6 8 42
6 7 20
6 1 163
7 1 67
7 3 95
7 5 85
7 9 9
7 4 188
7 8 14
7 2 4
7 6 20
8 4 214
8 2 9
8 1 39
8 7 14
8 3 194
8 9 4
8 5 69
8 6 42
9 2 3
9 6 11
9 1 227
9 8 4
9 7 9
9 5 221
9 3 84
9 4 192
