*Vertices  9
1 "2038" box
2 "2039" box
3 "2040" box
4 "2041" box
5 "2042" box
6 "2043" box
7 "3182" box
8 "3183" box
9 "3184" box
*Edges
1 6 126
1 7 64
1 3 816
1 5 1748
1 8 39
1 2 207
1 4 1842
1 9 187
2 9 2
2 3 84
2 8 9
2 1 207
2 7 4
2 6 25
2 5 66
2 4 142
3 8 172
3 9 57
3 6 211
3 1 816
3 4 1408
3 5 674
3 2 84
3 7 87
4 1 1842
4 8 199
4 5 1786
4 9 139
4 2 142
4 6 260
4 3 1408
4 7 163
5 1 1748
5 4 1786
5 3 674
5 6 107
5 8 68
5 9 120
5 7 78
5 2 66
6 3 211
6 2 25
6 7 13
6 9 1
6 5 107
6 1 126
6 4 260
6 8 33
7 6 13
7 2 4
7 1 64
7 4 163
7 8 14
7 3 87
7 5 78
7 9 8
8 6 33
8 1 39
8 2 9
8 5 68
8 7 14
8 4 199
8 3 172
9 1 187
9 4 139
9 6 1
9 5 120
9 7 8
9 3 57
9 2 2
