*Vertices  9
1 "2038" box
2 "2039" box
3 "2040" box
4 "2041" box
5 "2042" box
6 "2043" box
7 "3182" box
8 "3183" box
9 "3184" box
*Edges
1 6 166
1 7 67
1 5 1853
1 3 857
1 2 364
1 9 262
1 4 2158
1 8 39
2 4 203
2 5 84
2 1 364
2 7 4
2 3 106
2 9 4
2 8 9
2 6 40
3 4 1768
3 8 194
3 2 106
3 6 299
3 1 857
3 5 779
3 7 95
3 9 109
4 9 267
4 3 1768
4 2 203
4 6 436
4 1 2158
4 5 2302
4 8 216
4 7 190
5 4 2302
5 7 94
5 2 84
5 9 277
5 1 1853
5 8 72
5 3 779
5 6 238
6 3 299
6 2 40
6 5 238
6 9 25
6 4 436
6 8 42
6 7 20
6 1 166
7 1 67
7 3 95
7 5 94
7 9 10
7 4 190
7 8 14
7 2 4
7 6 20
8 4 216
8 2 9
8 1 39
8 7 14
8 3 194
8 9 10
8 5 72
8 6 42
9 2 4
9 6 25
9 1 262
9 8 10
9 7 10
9 5 277
9 3 109
9 4 267
