*Vertices  9
1 "2038" box
2 "2039" box
3 "2040" box
4 "2041" box
5 "2042" box
6 "2043" box
7 "3182" box
8 "3183" box
9 "3184" box
*Edges
1 6 226
1 7 67
1 5 1872
1 3 857
1 2 414
1 9 304
1 4 2299
1 8 39
2 4 275
2 5 112
2 1 414
2 7 9
2 3 134
2 9 11
2 8 14
2 6 63
3 4 1858
3 8 194
3 2 134
3 6 438
3 1 857
3 5 779
3 7 95
3 9 121
4 9 373
4 3 1858
4 2 275
4 6 706
4 1 2299
4 5 2550
4 8 227
4 7 204
5 4 2550
5 7 98
5 2 112
5 9 408
5 1 1872
5 8 72
5 3 779
5 6 356
6 3 438
6 2 63
6 5 356
6 9 51
6 4 706
6 8 66
6 7 31
6 1 226
7 1 67
7 3 95
7 5 98
7 9 11
7 4 204
7 8 14
7 2 9
7 6 31
8 4 227
8 2 14
8 1 39
8 7 14
8 3 194
8 9 15
8 5 72
8 6 66
9 2 11
9 6 51
9 1 304
9 8 15
9 7 11
9 5 408
9 3 121
9 4 373
