*Vertices  9
1 "554" box
2 "880" box
3 "2057" box
4 "2635" box
5 "2636" box
6 "2639" box
7 "3278" box
8 "298235" box
9 "298236" box
*Edges
1 5 3
1 6 199
1 8 92
1 9 41
1 4 13
1 3 1190
1 2 950
2 8 364
2 4 66
2 1 950
2 3 8860
2 6 688
2 5 18
2 9 176
3 1 1190
3 4 167
3 6 784
3 5 18
3 9 315
3 2 8860
3 8 441
4 3 167
4 9 1
4 6 10
4 1 13
4 2 66
5 2 18
5 3 18
5 9 3
5 1 3
5 8 1
6 1 199
6 3 784
6 4 10
6 2 688
6 8 67
6 9 33
8 5 1
8 3 441
8 6 67
8 1 92
8 2 364
8 9 17
9 2 176
9 8 17
9 3 315
9 1 41
9 5 3
9 4 1
9 6 33
