*Vertices  8
1 "1865" box
2 "1866" box
3 "1867" box
4 "1869" box
5 "1870" box
6 "1871" box
7 "1873" box
8 "1874" box
*Edges
1 7 333
1 4 105
1 3 2261
1 2 7583
1 5 1453
1 8 108
2 1 7583
2 4 208
2 6 43
2 3 15625
2 5 4321
2 7 2930
2 3 22
2 8 1340
3 2 15625
3 2 22
3 4 55
3 3 10
3 5 1136
3 6 5
3 1 2261
3 3 10
3 7 833
3 8 508
4 7 5
4 5 1
4 3 55
4 2 208
4 8 3
4 1 105
5 8 71
5 7 43
5 4 1
5 1 1453
5 2 4321
5 3 1136
6 3 5
6 2 43
7 1 333
7 5 43
7 4 5
7 3 833
7 8 466
7 2 2930
8 4 3
8 7 466
8 1 108
8 3 508
8 5 71
8 2 1340
