*Vertices  7
1 "177" box
2 "750" box
3 "1448" box
4 "665" box
5 "2342" box
6 "189" box
7 "249" box
*Edges
1 3 786
1 2 232
1 6 202
1 5 34
6 1 202
6 4 42
6 2 5882
6 3 2595
6 7 353
6 5 9516
7 4 10
7 2 223
7 5 85
7 6 353
4 2 11
4 7 10
4 5 3
4 6 42
2 6 5882
2 1 232
2 7 223
2 4 11
2 3 1911
2 5 2401
3 2 1911
3 6 2595
3 5 491
3 1 786
5 3 491
5 6 9516
5 1 34
5 7 85
5 4 3
5 2 2401
