*Vertices  8
1 "177" box
2 "750" box
3 "1448" box
4 "665" box
5 "1977" box
6 "2342" box
7 "189" box
8 "249" box
*Edges
1 6 34
1 3 786
1 7 202
1 5 2
1 2 410
7 1 202
7 4 42
7 6 9518
7 3 2600
7 8 353
7 2 8887
7 5 14
8 7 353
8 6 85
8 2 286
8 4 10
4 2 11
4 6 3
4 7 42
4 8 10
2 4 11
2 5 28
2 3 3317
2 7 8887
2 6 4412
2 1 410
2 8 286
3 1 786
3 2 3317
3 5 21
3 7 2600
3 6 491
5 2 28
5 1 2
5 6 2
5 7 14
5 3 21
6 5 2
6 1 34
6 7 9518
6 2 4412
6 3 491
6 8 85
6 4 3
