*Vertices  7
1 "177" box
2 "750" box
3 "1448" box
4 "665" box
5 "2342" box
6 "189" box
7 "249" box
*Edges
1 3 786
1 2 22
1 6 201
1 5 34
6 1 201
6 4 42
6 2 2004
6 3 2591
6 7 352
6 5 9121
7 4 10
7 2 92
7 5 85
7 6 352
4 2 7
4 7 10
4 5 3
4 6 42
2 6 2004
2 1 22
2 7 92
2 4 7
2 3 262
2 5 298
3 2 262
3 6 2591
3 5 491
3 1 786
5 3 491
5 6 9121
5 1 34
5 7 85
5 4 3
5 2 298
