*Vertices  11
1 "177" box
2 "665" box
3 "411" box
4 "721" box
5 "724" box
6 "249" box
7 "663" box
8 "185" box
9 "189" box
10 "693" box
11 "735" box
*Edges
1 2 69
1 6 5
1 7 109
1 5 388
8 2 26
8 7 112
9 10 3
6 1 5
6 2 61
6 7 529
6 5 39
7 1 109
7 2 328
7 8 112
7 6 529
7 5 395
2 8 26
2 1 69
2 7 328
2 6 61
2 5 205
10 9 3
4 5 38
5 6 39
5 2 205
5 4 38
5 1 388
5 7 395
