*Vertices  12
1 "177" box
2 "665" box
3 "411" box
4 "721" box
5 "724" box
6 "249" box
7 "663" box
8 "185" box
9 "189" box
10 "693" box
11 "735" box
12 "738" box
*Edges
1 7 2168
1 6 6
1 12 28
1 3 12
1 8 1
1 5 388
1 2 168
8 12 24
8 3 58
8 1 1
8 2 88
8 5 8
8 7 418
9 7 17
9 10 3
9 2 41
6 7 563
6 2 64
6 1 6
6 5 39
3 1 12
3 12 56
3 2 260
3 5 38
3 7 319
3 8 58
7 9 17
7 5 1036
7 1 2168
7 6 563
7 12 344
7 11 6
7 2 2555
7 8 418
7 3 319
2 1 168
2 9 41
2 3 260
2 12 98
2 5 712
2 7 2555
2 8 88
2 6 64
10 9 3
4 5 38
5 1 388
5 12 10
5 6 39
5 3 38
5 8 8
5 2 712
5 4 38
5 7 1036
11 7 6
12 8 24
12 7 344
12 5 10
12 2 98
12 1 28
12 3 56
