*Vertices  16
1 "259" box
2 "2931" box
3 "2929" box
4 "2932" box
5 "2934" box
6 "2073" box
7 "2318" box
8 "378243" box
9 "452605" box
10 "194327" box
11 "2073" box
12 "2318" box
13 "2074" box
14 "259" box
15 "2319" box
16 "378243" box
*Edges
14 4 10
14 11 3312
14 7 349
14 12 349
14 10 1392
14 3 12
14 13 1250
14 15 84
14 6 3312
14 2 402
1 4 10
1 11 3312
1 7 349
1 12 349
1 10 1392
1 3 12
1 13 1250
1 15 84
1 6 3312
1 2 402
11 14 3312
11 15 962
11 13 2170
11 1 3312
11 9 10
11 10 372
11 7 2183
11 12 2183
6 14 3312
6 15 962
6 13 2170
6 1 3312
6 9 10
6 10 372
6 7 2183
6 12 2183
13 11 2170
13 14 1250
13 7 1273
13 1 1250
13 12 1273
13 6 2170
13 10 71
7 6 2183
7 1 349
7 9 6
7 13 1273
7 10 18
7 14 349
7 11 2183
7 15 86
12 6 2183
12 1 349
12 9 6
12 13 1273
12 10 18
12 14 349
12 11 2183
12 15 86
15 1 84
15 14 84
15 7 86
15 12 86
15 11 962
15 6 962
3 1 12
3 14 12
3 2 10
2 3 10
2 1 402
2 14 402
4 14 10
4 1 10
10 1 1392
10 11 372
10 14 1392
10 6 372
10 7 18
10 12 18
10 13 71
9 6 10
9 7 6
9 12 6
9 11 10
