*Vertices  17
1 "259" box
2 "2073" box
3 "2318" box
4 "2319" box
5 "2075" box
6 "2073" box
7 "2318" box
8 "259" box
9 "2319" box
10 "432726" box
11 "378243" box
12 "432937" box
13 "1555" box
14 "194327" box
15 "2929" box
16 "434498" box
17 "443382" box
*Edges
8 4 420
8 7 63
8 6 166
8 2 166
8 3 63
8 9 420
1 4 420
1 7 63
1 6 166
1 2 166
1 3 63
1 9 420
2 7 248
2 1 166
2 3 248
2 8 166
2 9 2368
2 4 2368
6 7 248
6 1 166
6 3 248
6 8 166
6 9 2368
6 4 2368
3 1 63
3 6 248
3 2 248
3 4 303
3 8 63
3 9 303
7 1 63
7 6 248
7 2 248
7 4 303
7 8 63
7 9 303
4 8 420
4 1 420
4 3 303
4 6 2368
4 2 2368
4 7 303
9 8 420
9 1 420
9 3 303
9 6 2368
9 2 2368
9 7 303
