*Vertices  14
1 "2635" box
2 "446720" box
3 "554" box
4 "880" box
5 "378243" box
6 "385514" box
7 "2636" box
8 "3278" box
9 "2639" box
10 "2057" box
11 "298236" box
12 "298235" box
13 "434498" box
14 "443624" box
*Edges
3 10 71
3 4 367
3 9 49
3 2 471
4 10 2474
4 3 367
4 12 459
4 9 440
4 8 2712
4 14 45
4 11 94
4 2 2466
4 1 331
10 12 600
10 2 552
10 3 71
10 9 547
10 1 75
10 4 2474
10 14 109
10 11 102
1 12 2
1 10 75
1 9 52
1 2 212
1 4 331
1 8 19
7 2 20
9 11 118
9 3 49
9 10 547
9 1 52
9 4 440
9 14 20
9 2 511
9 12 99
8 4 2712
8 1 19
12 10 600
12 1 2
12 2 331
12 9 99
12 4 459
12 11 188
12 14 1
11 10 102
11 4 94
11 2 59
11 9 118
11 12 188
14 10 109
14 2 97
14 9 20
14 12 1
14 4 45
2 4 2466
2 3 471
2 10 552
2 1 212
2 11 59
2 14 97
2 9 511
2 7 20
2 12 331
