*Vertices  25
1 "2635" box
2 "446720" box
3 "554" box
4 "880" box
5 "378243" box
6 "385514" box
7 "2636" box
8 "378243" box
9 "378243" box
10 "378243" box
11 "3278" box
12 "2639" box
13 "880" box
14 "378243" box
15 "2057" box
16 "554" box
17 "378243" box
18 "298236" box
19 "378243" box
20 "3278" box
21 "298235" box
22 "385514" box
23 "434498" box
24 "378243" box
25 "443624" box
*Edges
3 12 49
3 15 71
3 4 367
3 2 471
3 13 367
16 12 49
16 15 71
16 4 367
16 2 471
16 13 367
4 11 2712
4 20 2712
4 25 45
4 21 459
4 15 2474
4 16 367
4 12 440
4 18 94
4 3 367
4 1 331
4 2 2466
13 11 2712
13 20 2712
13 25 45
13 21 459
13 15 2474
13 16 367
13 12 440
13 18 94
13 3 367
13 1 331
13 2 2466
15 21 600
15 13 2474
15 25 109
15 4 2474
15 2 552
15 16 71
15 3 71
15 18 102
15 12 547
15 1 75
1 20 19
1 4 331
1 12 52
1 11 19
1 15 75
1 13 331
1 2 212
1 21 2
7 2 20
12 4 440
12 21 99
12 13 440
12 1 52
12 3 49
12 16 49
12 25 20
12 15 547
12 18 118
12 2 511
11 13 2712
11 4 2712
11 1 19
20 13 2712
20 4 2712
20 1 19
21 25 1
21 4 459
21 15 600
21 13 459
21 18 188
21 1 2
21 2 331
21 12 99
18 13 94
18 4 94
18 15 102
18 2 59
18 12 118
18 21 188
25 12 20
25 4 45
25 15 109
25 13 45
25 21 1
25 2 97
2 13 2466
2 25 97
2 21 331
2 15 552
2 7 20
2 12 511
2 16 471
2 3 471
2 4 2466
2 1 212
2 18 59
