*Vertices  25
1 "372" box
2 "890" box
3 "902" box
4 "6985" box
5 "8348" box
6 "8349" box
7 "8351" box
8 "8354" box
9 "8355" box
10 "8361" box
11 "58420" box
12 "59345" box
13 "59542" box
14 "59543" box
15 "59544" box
16 "59547" box
17 "59550" box
18 "59552" box
19 "59553" box
20 "59554" box
21 "60132" box
22 "60133" box
23 "62394" box
24 "63169" box
25 "63440" box
*Edges
443624 880 45
443624 298235 1
443624 446720 97
443624 2639 20
443624 2057 109
2639 2635 52
2639 298235 99
2639 2057 547
2639 443624 20
2639 554 49
2639 880 440
2639 446720 511
2639 298236 118
2635 2057 75
2635 446720 212
2635 880 331
2635 2639 52
2635 3278 19
2635 298235 2
446720 443624 97
446720 2057 552
446720 880 2466
446720 298236 59
446720 2635 212
446720 554 471
446720 298235 331
446720 2639 511
446720 2636 20
880 3278 2712
880 2057 2474
880 554 367
880 2639 440
880 446720 2466
880 298236 94
880 2635 331
880 443624 45
880 298235 459
554 446720 471
554 2639 49
554 880 367
554 2057 71
2057 2639 547
2057 443624 109
2057 298235 600
2057 298236 102
2057 554 71
2057 446720 552
2057 880 2474
2057 2635 75
3278 2635 19
3278 880 2712
2636 446720 20
298235 443624 1
298235 2635 2
298235 2057 600
298235 2639 99
298235 446720 331
298235 880 459
298235 298236 188
298236 446720 59
298236 880 94
298236 2057 102
298236 2639 118
298236 298235 188
