"","no_of_bug_owned","avg_resolution","scmChanges","scrChanges","mslChanges","number_of_domain","country","linesadded","linesremoved","ReviewGotMerged","X","in_degree","out_degree","degree","betweenness","clustcoeff","closeness","eigencentrality","upeople_id"
"no_of_bug_owned",1,-0.0471344402393774,-0.186139671787605,-0.104610985352881,0.0704823832807126,-0.0214546253824053,-0.203740145117152,-0.130445151088934,-0.145974098711758,-0.104610985352881,-0.362961273157733,-0.211245945809475,-0.211245945809475,-0.211245945809475,-0.104610985352881,-0.164027935073273,0.174151901457089,-0.181498889834977,0.197583841584681
"avg_resolution",-0.0471344402393774,1,-0.13430509452124,-0.095781104500216,-0.192760036655161,0.535652025967147,-0.0813177343807108,-0.112814273559929,-0.122547127820307,-0.095781104500216,0.0272143674808629,-0.11078198362413,-0.11078198362413,-0.11078198362413,0.0541553395034155,0.000974740222612699,0.11010411965218,-0.136493928053957,0.0707300172154144
"scmChanges",-0.186139671787605,-0.13430509452124,1,0.680172312651744,0.378570604880495,0.148850570579771,0.812429391811785,0.806321688345753,0.878757582467906,0.680172312651744,0.364356567704471,0.947216793713079,0.947216793713079,0.947216793713079,-0.011794895595117,0.355985254893356,-0.883469634389177,0.998628843567759,-0.829598098898226
"scrChanges",-0.104610985352881,-0.095781104500216,0.680172312651744,1,0.440188135195951,0.0633513520873805,0.688032961232452,0.981817628277229,0.946806066722557,1,0.257115104606744,0.565090905158132,0.565090905158132,0.565090905158132,-0.0588235294117647,0.250369104182157,-0.907219990875455,0.663666099995234,-0.540582070978592
"mslChanges",0.0704823832807126,-0.192760036655161,0.378570604880495,0.440188135195951,1,0.0350217441193214,0.308081666038903,0.454084087630772,0.453953367854106,0.440188135195951,-0.142509785415106,0.306818289051571,0.306818289051571,0.306818289051571,-0.10386005770522,0.0606378504956489,-0.421154227229936,0.376695669874505,-0.274301204395984
"number_of_domain",-0.0214546253824053,0.535652025967147,0.148850570579771,0.0633513520873805,0.0350217441193214,1,0.0482303079057996,0.0915319960126629,0.109784436282656,0.0633513520873805,0.396963178136051,0.112108249326102,0.112108249326102,0.112108249326102,-0.112083161385365,-0.0542962625756257,-0.08571393311835,0.155208117261654,-0.0845630274870132
"country",-0.203740145117152,-0.0813177343807108,0.812429391811785,0.688032961232452,0.308081666038903,0.0482303079057996,1,0.7542836121696,0.784494033682359,0.688032961232452,0.469681297168749,0.916516115619229,0.916516115619229,0.916516115619229,0.529256124024963,0.808035877826206,-0.912115280115342,0.780931669845646,-0.970403732451006
"linesadded",-0.130445151088934,-0.112814273559929,0.806321688345753,0.981817628277229,0.454084087630772,0.0915319960126629,0.7542836121696,1,0.990677811463453,0.981817628277229,0.295663150969033,0.694430422152875,0.694430422152875,0.694430422152875,-0.0685688387817679,0.276738648773851,-0.955553957080521,0.793523703370132,-0.639904223587515
"linesremoved",-0.145974098711758,-0.122547127820307,0.878757582467906,0.946806066722557,0.453953367854106,0.109784436282656,0.784494033682359,0.990677811463453,1,0.946806066722557,0.316455234379034,0.771424481110771,0.771424481110771,0.771424481110771,-0.0747966611395676,0.288735606281667,-0.968674144380662,0.86894271821737,-0.696399126675951
"ReviewGotMerged",-0.104610985352881,-0.095781104500216,0.680172312651744,1,0.440188135195951,0.0633513520873805,0.688032961232452,0.981817628277229,0.946806066722557,1,0.257115104606744,0.565090905158132,0.565090905158132,0.565090905158132,-0.0588235294117647,0.250369104182157,-0.907219990875455,0.663666099995234,-0.540582070978592
"X",-0.362961273157733,0.0272143674808629,0.364356567704471,0.257115104606744,-0.142509785415106,0.396963178136051,0.469681297168749,0.295663150969033,0.316455234379034,0.257115104606744,1,0.437270589109096,0.437270589109096,0.437270589109096,0.303863305444334,0.419337691052395,-0.392825280775016,0.348765278650934,-0.448157383840788
"in_degree",-0.211245945809475,-0.11078198362413,0.947216793713079,0.565090905158132,0.306818289051571,0.112108249326102,0.916516115619229,0.694430422152875,0.771424481110771,0.565090905158132,0.437270589109096,1,1,1,0.297416265872701,0.618037198522103,-0.855649895995742,0.933770912745517,-0.954349926296297
"out_degree",-0.211245945809475,-0.11078198362413,0.947216793713079,0.565090905158132,0.306818289051571,0.112108249326102,0.916516115619229,0.694430422152875,0.771424481110771,0.565090905158132,0.437270589109096,1,1,1,0.297416265872701,0.618037198522103,-0.855649895995742,0.933770912745517,-0.954349926296297
"degree",-0.211245945809475,-0.11078198362413,0.947216793713079,0.565090905158132,0.306818289051571,0.112108249326102,0.916516115619229,0.694430422152875,0.771424481110771,0.565090905158132,0.437270589109096,1,1,1,0.297416265872701,0.618037198522103,-0.855649895995742,0.933770912745517,-0.954349926296297
"betweenness",-0.104610985352881,0.0541553395034155,-0.011794895595117,-0.0588235294117647,-0.10386005770522,-0.112083161385365,0.529256124024963,-0.0685688387817679,-0.0747966611395676,-0.0588235294117647,0.303863305444334,0.297416265872701,0.297416265872701,0.297416265872701,1,0.927134737329828,-0.171946774291458,-0.0580325025149155,-0.537897706302907
"clustcoeff",-0.164027935073273,0.000974740222612699,0.355985254893356,0.250369104182157,0.0606378504956489,-0.0542962625756257,0.808035877826206,0.276738648773851,0.288735606281667,0.250369104182157,0.419337691052395,0.618037198522103,0.618037198522103,0.618037198522103,0.927134737329828,1,-0.517154457830959,0.310551423210987,-0.805900957813845
"closeness",0.174151901457089,0.11010411965218,-0.883469634389177,-0.907219990875455,-0.421154227229936,-0.08571393311835,-0.912115280115342,-0.955553957080521,-0.968674144380662,-0.907219990875455,-0.392825280775016,-0.855649895995742,-0.855649895995742,-0.855649895995742,-0.171946774291458,-0.517154457830959,1,-0.86324523955188,0.835260459790413
"eigencentrality",-0.181498889834977,-0.136493928053957,0.998628843567759,0.663666099995234,0.376695669874505,0.155208117261654,0.780931669845646,0.793523703370132,0.86894271821737,0.663666099995234,0.348765278650934,0.933770912745517,0.933770912745517,0.933770912745517,-0.0580325025149155,0.310551423210987,-0.86324523955188,1,-0.802985944610132
"upeople_id",0.197583841584681,0.0707300172154144,-0.829598098898226,-0.540582070978592,-0.274301204395984,-0.0845630274870132,-0.970403732451006,-0.639904223587515,-0.696399126675951,-0.540582070978592,-0.448157383840788,-0.954349926296297,-0.954349926296297,-0.954349926296297,-0.537897706302907,-0.805900957813845,0.835260459790413,-0.802985944610132,1
