"","no_of_bug_owned","avg_resolution","scmChanges","scrChanges","mslChanges","number_of_domain","country","linesadded","linesremoved","ReviewGotMerged","X","in_degree","out_degree","degree","betweenness","clustcoeff","closeness","eigencentrality","upeople_id"
"no_of_bug_owned",1,-0.263573917668165,0.148681964879739,0.0282801580690431,-0.047070157984616,0.906901107177226,-0.337879528930352,0.111127773163842,0.0894334803602682,0.0282801580690431,-0.222812038036623,-0.127905661738654,-0.127905661738654,-0.127905661738654,-0.128368166611233,-0.31632220016322,-0.207331308789931,0.0772188135705904,0.414790155715991
"avg_resolution",-0.263573917668165,1,-0.173500010413885,0.298782477566147,0.144062856359239,-0.129482077783906,-0.363708969279668,0.0654607835025193,0.136104110897085,0.298782477566147,-0.382089312820689,-0.0570564427432202,-0.0570564427432202,-0.0570564427432202,0.0395813584181608,-0.00522244084131809,-0.208854990041121,0.0776110680531912,0.237697533942134
"scmChanges",0.148681964879739,-0.173500010413885,1,0.6588172379528,0.0697282013421674,0.137058684574527,0.450559917396962,0.911932186563911,0.866419934361951,0.6588172379528,-0.178508203676081,0.604554958509538,0.604554958509538,0.604554958509538,-0.0664942966675234,-0.125727017189369,0.34069375391704,0.852644013313381,-0.286671523898536
"scrChanges",0.0282801580690431,0.298782477566147,0.6588172379528,1,-0.115273651115177,0.103951776807989,0.316795145819113,0.905748395498103,0.945079837524511,1,0.173852569712003,0.542942021705077,0.542942021705077,0.542942021705077,0.296242711669094,-0.124599230994763,0.447051356552801,0.806180694423604,-0.257227761228322
"mslChanges",-0.047070157984616,0.144062856359239,0.0697282013421674,-0.115273651115177,1,0.283099573688244,0.171660753396885,-0.0579833956850561,-0.0283384178203045,-0.115273651115177,-0.27646571999459,0.434515412106599,0.434515412106599,0.434515412106599,-0.0649316930043806,-0.0676149028867203,0.195055540496915,0.188036916837682,-0.243712331871445
"number_of_domain",0.906901107177226,-0.129482077783906,0.137058684574527,0.103951776807989,0.283099573688244,1,-0.307579539651451,0.130196484942004,0.139138629865404,0.103951776807989,-0.158534799205175,0.0574484989621426,0.0574484989621426,0.0574484989621426,0.0366878716212268,-0.383700553442844,-0.039538106801851,0.148418484475152,0.33868156978775
"country",-0.337879528930352,-0.363708969279668,0.450559917396962,0.316795145819113,0.171660753396885,-0.307579539651451,1,0.405933920682052,0.396094072449529,0.316795145819113,0.287090438429079,0.75871980445068,0.75871980445068,0.75871980445068,0.224289973894783,0.432022435427528,0.716503963355178,0.537969560103189,-0.953990180397802
"linesadded",0.111127773163842,0.0654607835025193,0.911932186563911,0.905748395498103,-0.0579833956850561,0.130196484942004,0.405933920682052,1,0.993074712722858,0.905748395498103,-0.0146774127977768,0.599457672626615,0.599457672626615,0.599457672626615,0.118660605999382,-0.138042673907396,0.402004792234155,0.904257665028381,-0.274698587487072
"linesremoved",0.0894334803602682,0.136104110897085,0.866419934361951,0.945079837524511,-0.0283384178203045,0.139138629865404,0.396094072449529,0.993074712722858,1,0.945079837524511,0.0222483868955318,0.613143386667692,0.613143386667692,0.613143386667692,0.159518101631042,-0.138915212504842,0.428244184296292,0.903130016509366,-0.285158236296532
"ReviewGotMerged",0.0282801580690431,0.298782477566147,0.6588172379528,1,-0.115273651115177,0.103951776807989,0.316795145819113,0.905748395498103,0.945079837524511,1,0.173852569712003,0.542942021705077,0.542942021705077,0.542942021705077,0.296242711669094,-0.124599230994763,0.447051356552801,0.806180694423604,-0.257227761228322
"X",-0.222812038036623,-0.382089312820689,-0.178508203676081,0.173852569712003,-0.27646571999459,-0.158534799205175,0.287090438429079,-0.0146774127977768,0.0222483868955318,0.173852569712003,1,0.0750473598724312,0.0750473598724312,0.0750473598724312,0.501216026242177,-0.166391967131336,0.419343619027648,-0.0598741674505183,-0.30475891395399
"in_degree",-0.127905661738654,-0.0570564427432202,0.604554958509538,0.542942021705077,0.434515412106599,0.0574484989621426,0.75871980445068,0.599457672626615,0.613143386667692,0.542942021705077,0.0750473598724312,1,1,1,0.379928222975288,0.107288455118466,0.86446447097575,0.795385264316946,-0.694790148828636
"out_degree",-0.127905661738654,-0.0570564427432202,0.604554958509538,0.542942021705077,0.434515412106599,0.0574484989621426,0.75871980445068,0.599457672626615,0.613143386667692,0.542942021705077,0.0750473598724312,1,1,1,0.379928222975288,0.107288455118466,0.86446447097575,0.795385264316946,-0.694790148828636
"degree",-0.127905661738654,-0.0570564427432202,0.604554958509538,0.542942021705077,0.434515412106599,0.0574484989621426,0.75871980445068,0.599457672626615,0.613143386667692,0.542942021705077,0.0750473598724312,1,1,1,0.379928222975288,0.107288455118466,0.86446447097575,0.795385264316946,-0.694790148828636
"betweenness",-0.128368166611233,0.0395813584181608,-0.0664942966675234,0.296242711669094,-0.0649316930043806,0.0366878716212268,0.224289973894783,0.118660605999382,0.159518101631042,0.296242711669094,0.501216026242177,0.379928222975288,0.379928222975288,0.379928222975288,1,-0.0272147921718474,0.619528843199922,0.106653431302645,-0.260533885805386
"clustcoeff",-0.31632220016322,-0.00522244084131809,-0.125727017189369,-0.124599230994763,-0.0676149028867203,-0.383700553442844,0.432022435427528,-0.138042673907396,-0.138915212504842,-0.124599230994763,-0.166391967131336,0.107288455118466,0.107288455118466,0.107288455118466,-0.0272147921718474,1,0.176207253028992,-0.173114858899723,-0.492230054511174
"closeness",-0.207331308789931,-0.208854990041121,0.34069375391704,0.447051356552801,0.195055540496915,-0.039538106801851,0.716503963355178,0.402004792234155,0.428244184296292,0.447051356552801,0.419343619027648,0.86446447097575,0.86446447097575,0.86446447097575,0.619528843199922,0.176207253028992,1,0.531899953202235,-0.646856033615134
"eigencentrality",0.0772188135705904,0.0776110680531912,0.852644013313381,0.806180694423604,0.188036916837682,0.148418484475152,0.537969560103189,0.904257665028381,0.903130016509366,0.806180694423604,-0.0598741674505183,0.795385264316946,0.795385264316946,0.795385264316946,0.106653431302645,-0.173114858899723,0.531899953202235,1,-0.403036841143256
"upeople_id",0.414790155715991,0.237697533942134,-0.286671523898536,-0.257227761228322,-0.243712331871445,0.33868156978775,-0.953990180397802,-0.274698587487072,-0.285158236296532,-0.257227761228322,-0.30475891395399,-0.694790148828636,-0.694790148828636,-0.694790148828636,-0.260533885805386,-0.492230054511174,-0.646856033615134,-0.403036841143256,1
