*Vertices  16
1 "340" box
2 "341" box
3 "378243" box
4 "343" box
5 "1093" box
6 "378243" box
7 "378243" box
8 "344" box
9 "378243" box
10 "378243" box
11 "378243" box
12 "1094" box
13 "338" box
14 "346" box
15 "447709" box
16 "378243" box
*Edges
13 2 19791
13 14 2671
13 4 5473
13 8 9083
13 12 921
13 1 6062
13 5 1831
1 4 7029
1 14 8359
1 2 26015
1 13 6062
1 12 1680
1 8 11293
1 5 3718
2 12 3524
2 5 8804
2 1 26015
2 14 6752
2 4 21058
2 13 19791
2 8 31815
4 2 21058
4 8 12869
4 13 5473
4 14 2635
4 12 1498
4 5 2862
4 1 7029
8 1 11293
8 2 31815
8 12 3877
8 4 12869
8 13 9083
8 14 4892
8 5 6478
14 1 8359
14 12 587
14 5 1190
14 13 2671
14 4 2635
14 8 4892
14 2 6752
5 1 3718
5 4 2862
5 8 6478
5 13 1831
5 14 1190
5 2 8804
5 12 1001
12 4 1498
12 2 3524
12 8 3877
12 5 1001
12 1 1680
12 14 587
12 13 921
