*Vertices  16
1 "81" box
2 "6074" box
3 "10539" box
4 "10540" box
5 "10541" box
6 "10542" box
7 "10544" box
8 "10545" box
9 "10547" box
10 "10549" box
11 "10550" box
12 "10555" box
13 "10565" box
14 "10572" box
15 "10582" box
16 "68414" box
*Edges
338 343 5473
338 341 19791
338 344 9083
338 1093 1831
338 346 2671
338 1094 921
338 340 6062
340 338 6062
340 1093 3718
340 343 7029
340 1094 1680
340 344 11293
340 341 26015
340 346 8359
341 1093 8804
341 344 31815
341 338 19791
341 1094 3524
341 340 26015
341 346 6752
341 343 21058
343 1093 2862
343 1094 1498
343 344 12869
343 340 7029
343 346 2635
343 338 5473
343 341 21058
344 346 4892
344 1094 3877
344 341 31815
344 1093 6478
344 343 12869
344 338 9083
344 340 11293
346 344 4892
346 341 6752
346 1093 1190
346 338 2671
346 1094 587
346 343 2635
346 340 8359
1093 341 8804
1093 346 1190
1093 343 2862
1093 338 1831
1093 344 6478
1093 340 3718
1093 1094 1001
1094 1093 1001
1094 338 921
1094 341 3524
1094 340 1680
1094 343 1498
1094 346 587
1094 344 3877
