*Vertices  10
1 "340" box
2 "341" box
3 "378243" box
4 "343" box
5 "1093" box
6 "344" box
7 "1094" box
8 "338" box
9 "346" box
10 "447709" box
*Edges
8 2 19791
8 9 2671
8 4 5473
8 6 9083
8 7 921
8 1 6062
8 5 1831
1 4 7029
1 9 8359
1 2 26015
1 8 6062
1 7 1680
1 6 11293
1 5 3718
2 7 3524
2 5 8804
2 1 26015
2 9 6752
2 4 21058
2 8 19791
2 6 31815
4 2 21058
4 6 12869
4 8 5473
4 9 2635
4 7 1498
4 5 2862
4 1 7029
6 1 11293
6 2 31815
6 7 3877
6 4 12869
6 8 9083
6 9 4892
6 5 6478
9 1 8359
9 7 587
9 5 1190
9 8 2671
9 4 2635
9 6 4892
9 2 6752
5 1 3718
5 4 2862
5 6 6478
5 8 1831
5 9 1190
5 2 8804
5 7 1001
7 4 1498
7 2 3524
7 6 3877
7 5 1001
7 1 1680
7 9 587
7 8 921
