*Vertices  10
1 "15" box
2 "10" box
3 "14" box
4 "17" box
5 "13" box
6 "378243" box
7 "16" box
8 "378243" box
9 "11" box
10 "18" box
*Edges
2 10 1
2 1 24
2 5 4182
2 9 25
2 3 147
2 7 185
2 4 97
9 2 25
9 4 18
9 5 209
9 3 14
9 1 2
9 7 4
5 4 1324
5 7 2874
5 3 2055
5 1 273
5 10 108
5 9 209
5 2 4182
3 1 45
3 2 147
3 7 179
3 5 2055
3 9 14
3 10 3
3 4 87
1 5 273
1 4 16
1 3 45
1 2 24
1 9 2
1 7 22
7 2 185
7 4 141
7 3 179
7 9 4
7 5 2874
7 10 4
7 1 22
4 3 87
4 5 1324
4 10 33
4 2 97
4 9 18
4 7 141
4 1 16
10 3 3
10 5 108
10 4 33
10 7 4
10 2 1
