*Vertices  17
1 "259" box
2 "2073" box
3 "2318" box
4 "2319" box
5 "2075" box
6 "2073" box
7 "2318" box
8 "259" box
9 "2319" box
10 "432726" box
11 "378243" box
12 "432937" box
13 "1555" box
14 "194327" box
15 "2929" box
16 "434498" box
17 "443382" box
*Edges
8 7 145
8 6 41
8 2 41
8 9 110
8 4 110
8 3 145
1 7 145
1 6 41
1 2 41
1 9 110
1 4 110
1 3 145
2 8 41
2 7 97
2 3 97
2 1 41
2 9 477
2 4 477
6 8 41
6 7 97
6 3 97
6 1 41
6 9 477
6 4 477
3 1 145
3 8 145
3 4 209
3 6 97
3 2 97
3 9 209
7 1 145
7 8 145
7 4 209
7 6 97
7 2 97
7 9 209
4 6 477
4 1 110
4 8 110
4 7 209
4 3 209
4 2 477
9 6 477
9 1 110
9 8 110
9 7 209
9 3 209
9 2 477
