*Vertices  25
1 "372" box
2 "890" box
3 "902" box
4 "6985" box
5 "8348" box
6 "8349" box
7 "8351" box
8 "8354" box
9 "8355" box
10 "8361" box
11 "58420" box
12 "59345" box
13 "59542" box
14 "59543" box
15 "59544" box
16 "59547" box
17 "59550" box
18 "59552" box
19 "59553" box
20 "59554" box
21 "60132" box
22 "60133" box
23 "62394" box
24 "63169" box
25 "63440" box
*Edges
554 2636 3
554 2057 1190
554 880 950
554 298236 41
554 2639 199
554 298235 92
554 2635 13
880 2057 8860
880 2639 688
880 2635 66
880 2636 18
880 298235 364
880 554 950
880 298236 176
2057 2636 18
2057 298236 315
2057 2639 784
2057 880 8860
2057 2635 167
2057 554 1190
2057 298235 441
2635 554 13
2635 298236 1
2635 2057 167
2635 880 66
2635 2639 10
2636 554 3
2636 2057 18
2636 880 18
2636 298235 1
2636 298236 3
2639 2635 10
2639 880 688
2639 298235 67
2639 554 199
2639 2057 784
2639 298236 33
298235 2057 441
298235 880 364
298235 298236 17
298235 2636 1
298235 554 92
298235 2639 67
298236 2635 1
298236 298235 17
298236 880 176
298236 554 41
298236 2057 315
298236 2636 3
298236 2639 33
