*Vertices  25
1 "2635" box
2 "446720" box
3 "554" box
4 "880" box
5 "378243" box
6 "385514" box
7 "2636" box
8 "378243" box
9 "378243" box
10 "378243" box
11 "3278" box
12 "2639" box
13 "880" box
14 "378243" box
15 "2057" box
16 "554" box
17 "378243" box
18 "298236" box
19 "378243" box
20 "3278" box
21 "298235" box
22 "385514" box
23 "434498" box
24 "378243" box
25 "443624" box
*Edges
3 13 950
3 18 41
3 1 13
3 12 199
3 7 3
3 21 92
3 15 1190
3 4 950
16 13 950
16 18 41
16 1 13
16 12 199
16 7 3
16 21 92
16 15 1190
16 4 950
4 7 18
4 3 950
4 15 8860
4 12 688
4 18 176
4 16 950
4 1 66
4 21 364
13 7 18
13 3 950
13 15 8860
13 12 688
13 18 176
13 16 950
13 1 66
13 21 364
15 12 784
15 18 315
15 3 1190
15 4 8860
15 13 8860
15 21 441
15 7 18
15 16 1190
15 1 167
1 12 10
1 3 13
1 13 66
1 4 66
1 16 13
1 15 167
1 18 1
7 16 3
7 3 3
7 13 18
7 15 18
7 4 18
7 18 3
7 21 1
12 15 784
12 21 67
12 16 199
12 13 688
12 18 33
12 3 199
12 1 10
12 4 688
21 13 364
21 4 364
21 7 1
21 3 92
21 12 67
21 18 17
21 15 441
21 16 92
18 7 3
18 3 41
18 15 315
18 16 41
18 4 176
18 1 1
18 13 176
18 21 17
18 12 33
