*Vertices  14
1 "2635" box
2 "446720" box
3 "554" box
4 "880" box
5 "378243" box
6 "385514" box
7 "2636" box
8 "3278" box
9 "2639" box
10 "2057" box
11 "298236" box
12 "298235" box
13 "434498" box
14 "443624" box
*Edges
3 4 950
3 1 13
3 9 199
3 12 92
3 11 41
3 7 3
3 10 1190
4 3 950
4 7 18
4 1 66
4 11 176
4 10 8860
4 12 364
4 9 688
10 11 315
10 3 1190
10 4 8860
10 9 784
10 1 167
10 12 441
10 7 18
1 3 13
1 10 167
1 9 10
1 4 66
1 11 1
7 3 3
7 10 18
7 12 1
7 4 18
7 11 3
9 12 67
9 11 33
9 1 10
9 10 784
9 4 688
9 3 199
12 4 364
12 3 92
12 7 1
12 11 17
12 10 441
12 9 67
11 7 3
11 10 315
11 1 1
11 3 41
11 4 176
11 12 17
11 9 33
